     2    0.41888E-01    0.56143E+00    0.25545E-02    0.14976E+01
     3    0.62832E-01   -0.40950E+01    0.68244E-02    0.19113E+01
     4    0.83776E-01   -0.13911E+01    0.11647E-01    0.24802E+01
     5    0.10472E+00   -0.55963E+00    0.13845E-01    0.26735E+01
     6    0.12566E+00   -0.41508E+01    0.18345E-01    0.22593E+01
     7    0.14661E+00   -0.15346E+01    0.21583E-01    0.16782E+01
     8    0.16755E+00    0.26280E+01    0.24474E-01    0.16612E+01
     9    0.18850E+00   -0.14672E+01    0.26505E-01    0.12080E+01
    10    0.20944E+00    0.27124E+00    0.28968E-01    0.11654E+01
    11    0.23038E+00   -0.85185E-01    0.34128E-01    0.90743E+00
    12    0.25133E+00    0.47132E+00    0.35464E-01    0.93518E+00
    13    0.27227E+00    0.18687E+00    0.39622E-01    0.83044E+00
    14    0.29322E+00    0.11851E+01    0.40807E-01    0.74136E+00
    15    0.31416E+00    0.16641E+01    0.44218E-01    0.72326E+00
    16    0.33510E+00    0.11011E+01    0.46163E-01    0.61318E+00
    17    0.35605E+00    0.10496E+01    0.49937E-01    0.57219E+00
    18    0.37699E+00   -0.40499E-01    0.52268E-01    0.52768E+00
    19    0.39794E+00   -0.74897E+00    0.53750E-01    0.49352E+00
    20    0.41888E+00    0.14765E+01    0.58034E-01    0.46241E+00
    21    0.43982E+00    0.67697E+00    0.56760E-01    0.42957E+00
    22    0.46077E+00    0.40516E-01    0.61545E-01    0.40859E+00
    23    0.48171E+00    0.10296E+01    0.63164E-01    0.38570E+00
    24    0.50265E+00    0.14395E+01    0.63914E-01    0.36705E+00
    25    0.52360E+00    0.17840E+01    0.66301E-01    0.34205E+00
    26    0.54454E+00    0.44543E+00    0.67532E-01    0.30269E+00
    27    0.56549E+00    0.19677E+00    0.69498E-01    0.30482E+00
    28    0.58643E+00    0.16463E+01    0.70805E-01    0.28434E+00
    29    0.60737E+00    0.68526E+00    0.70193E-01    0.26873E+00
    30    0.62832E+00    0.10051E+01    0.74348E-01    0.26305E+00
    31    0.64926E+00    0.69703E+00    0.73640E-01    0.25044E+00
    32    0.67021E+00    0.10851E+01    0.76310E-01    0.24642E+00
    33    0.69115E+00    0.13264E+01    0.76520E-01    0.23553E+00
    34    0.71209E+00    0.13543E+01    0.79708E-01    0.23177E+00
    35    0.73304E+00    0.13423E+01    0.81450E-01    0.21672E+00
    36    0.75398E+00    0.17118E+01    0.79955E-01    0.21718E+00
    37    0.77493E+00    0.10776E+01    0.82170E-01    0.20479E+00
    38    0.79587E+00    0.87339E+00    0.83795E-01    0.19218E+00
    39    0.81681E+00    0.87439E+00    0.82800E-01    0.18997E+00
    40    0.83776E+00    0.89284E+00    0.85716E-01    0.18521E+00
    41    0.85870E+00    0.90488E+00    0.84682E-01    0.17632E+00
    42    0.87965E+00    0.12829E+01    0.86905E-01    0.17154E+00
    43    0.90059E+00    0.92218E+00    0.87521E-01    0.16857E+00
    44    0.92153E+00    0.10457E+01    0.88100E-01    0.16273E+00
    45    0.94248E+00    0.12912E+01    0.89185E-01    0.16091E+00
    46    0.96342E+00    0.14989E+01    0.88391E-01    0.15598E+00
    47    0.98437E+00    0.12439E+01    0.89255E-01    0.15401E+00
    48    0.10053E+01    0.14776E+01    0.91130E-01    0.14605E+00
    49    0.10263E+01    0.11616E+01    0.90042E-01    0.14437E+00
    50    0.10472E+01    0.13818E+01    0.90222E-01    0.13986E+00
    51    0.10681E+01    0.15259E+01    0.91022E-01    0.13632E+00
    52    0.10891E+01    0.14253E+01    0.90681E-01    0.13299E+00
    53    0.11100E+01    0.14245E+01    0.91295E-01    0.12792E+00
    54    0.11310E+01    0.18609E+01    0.92923E-01    0.12645E+00
    55    0.11519E+01    0.14595E+01    0.91470E-01    0.12504E+00
    56    0.11729E+01    0.15684E+01    0.93269E-01    0.12233E+00
    57    0.11938E+01    0.13563E+01    0.92690E-01    0.11722E+00
    58    0.12147E+01    0.15055E+01    0.93902E-01    0.11677E+00
    59    0.12357E+01    0.17400E+01    0.93887E-01    0.11301E+00
    60    0.12566E+01    0.18465E+01    0.93624E-01    0.10871E+00
    61    0.12776E+01    0.16355E+01    0.92481E-01    0.10790E+00
    62    0.12985E+01    0.15720E+01    0.93500E-01    0.10443E+00
    63    0.13195E+01    0.15096E+01    0.92392E-01    0.10516E+00
    64    0.13404E+01    0.15908E+01    0.93472E-01    0.10181E+00
    65    0.13614E+01    0.15893E+01    0.94109E-01    0.97023E-01
    66    0.13823E+01    0.16303E+01    0.92405E-01    0.96315E-01
    67    0.14032E+01    0.16700E+01    0.92688E-01    0.95634E-01
    68    0.14242E+01    0.18533E+01    0.92972E-01    0.93880E-01
    69    0.14451E+01    0.17333E+01    0.92248E-01    0.91236E-01
    70    0.14661E+01    0.18709E+01    0.92667E-01    0.89717E-01
    71    0.14870E+01    0.16986E+01    0.93301E-01    0.87890E-01
    72    0.15080E+01    0.18060E+01    0.92928E-01    0.85077E-01
    73    0.15289E+01    0.19501E+01    0.92077E-01    0.84097E-01
    74    0.15499E+01    0.19471E+01    0.92265E-01    0.82940E-01
    75    0.15708E+01    0.18357E+01    0.91583E-01    0.81023E-01
    76    0.15917E+01    0.18916E+01    0.91647E-01    0.79973E-01
    77    0.16127E+01    0.20075E+01    0.90606E-01    0.78605E-01
    78    0.16336E+01    0.19662E+01    0.92151E-01    0.77822E-01
    79    0.16546E+01    0.19527E+01    0.91544E-01    0.76323E-01
    80    0.16755E+01    0.20480E+01    0.91253E-01    0.74857E-01
    81    0.16965E+01    0.20491E+01    0.90517E-01    0.73660E-01
    82    0.17174E+01    0.20325E+01    0.90853E-01    0.71936E-01
    83    0.17383E+01    0.20657E+01    0.90573E-01    0.71549E-01
    84    0.17593E+01    0.21494E+01    0.89830E-01    0.70334E-01
    85    0.17802E+01    0.21707E+01    0.91102E-01    0.69089E-01
    86    0.18012E+01    0.22259E+01    0.89881E-01    0.68045E-01
    87    0.18221E+01    0.22920E+01    0.89210E-01    0.68268E-01
    88    0.18431E+01    0.22791E+01    0.89875E-01    0.66685E-01
    89    0.18640E+01    0.22725E+01    0.89557E-01    0.65659E-01
    90    0.18850E+01    0.23528E+01    0.89586E-01    0.64761E-01
    91    0.19059E+01    0.24694E+01    0.88512E-01    0.64638E-01
    92    0.19268E+01    0.26711E+01    0.88998E-01    0.64604E-01
    93    0.19478E+01    0.27186E+01    0.89401E-01    0.63776E-01
    94    0.19687E+01    0.27304E+01    0.88773E-01    0.62986E-01
    95    0.19897E+01    0.28965E+01    0.88330E-01    0.63574E-01
    96    0.20106E+01    0.29306E+01    0.88040E-01    0.62488E-01
    97    0.20316E+01    0.31232E+01    0.87839E-01    0.62277E-01
    98    0.20525E+01    0.31382E+01    0.88212E-01    0.61447E-01
    99    0.20735E+01    0.31606E+01    0.87870E-01    0.61621E-01
   100    0.20944E+01    0.34203E+01    0.87845E-01    0.61814E-01
   101    0.21153E+01    0.33895E+01    0.87869E-01    0.61578E-01
   102    0.21363E+01    0.35734E+01    0.87588E-01    0.61918E-01
   103    0.21572E+01    0.37794E+01    0.88055E-01    0.61559E-01
   104    0.21782E+01    0.38633E+01    0.88192E-01    0.62222E-01
   105    0.21991E+01    0.40904E+01    0.88179E-01    0.61779E-01
   106    0.22201E+01    0.41230E+01    0.87730E-01    0.62455E-01
   107    0.22410E+01    0.43822E+01    0.87397E-01    0.62974E-01
   108    0.22619E+01    0.43684E+01    0.87931E-01    0.62950E-01
   109    0.22829E+01    0.46182E+01    0.88121E-01    0.62484E-01
   110    0.23038E+01    0.47188E+01    0.88203E-01    0.63818E-01
   111    0.23248E+01    0.48634E+01    0.88748E-01    0.63890E-01
   112    0.23457E+01    0.52719E+01    0.88597E-01    0.64854E-01
   113    0.23667E+01    0.55304E+01    0.89052E-01    0.65516E-01
   114    0.23876E+01    0.58266E+01    0.89264E-01    0.66178E-01
   115    0.24086E+01    0.60092E+01    0.89767E-01    0.66433E-01
   116    0.24295E+01    0.68897E+01    0.90207E-01    0.68099E-01
   117    0.24504E+01    0.71516E+01    0.90559E-01    0.68117E-01
   118    0.24714E+01    0.74743E+01    0.90324E-01    0.68900E-01
   119    0.24923E+01    0.79729E+01    0.91018E-01    0.69375E-01
   120    0.25133E+01    0.81647E+01    0.91110E-01    0.68773E-01
   121    0.25342E+01    0.84405E+01    0.91789E-01    0.69712E-01
   122    0.25552E+01    0.85017E+01    0.91701E-01    0.68995E-01
   123    0.25761E+01    0.87850E+01    0.92864E-01    0.69543E-01
   124    0.25970E+01    0.90617E+01    0.92987E-01    0.69799E-01
   125    0.26180E+01    0.92894E+01    0.92920E-01    0.69932E-01
   126    0.26389E+01    0.97260E+01    0.94524E-01    0.70762E-01
   127    0.26599E+01    0.99342E+01    0.95231E-01    0.71004E-01
