     2    0.41888E-01    0.49070E+00    0.36822E-03    0.98122E+00
     3    0.62832E-01   -0.22790E+01    0.97844E-03    0.24658E+01
     4    0.83776E-01   -0.55740E+01    0.16921E-02    0.32082E+01
     5    0.10472E+00    0.21421E+01    0.19976E-02    0.31469E+01
     6    0.12566E+00    0.48531E+01    0.26240E-02    0.39586E+01
     7    0.14661E+00    0.76881E+01    0.30903E-02    0.43390E+01
     8    0.16755E+00    0.82994E+01    0.35053E-02    0.41010E+01
     9    0.18850E+00    0.12237E+01    0.38272E-02    0.38486E+01
    10    0.20944E+00   -0.12542E+01    0.41838E-02    0.36759E+01
    11    0.23038E+00    0.83980E+01    0.49318E-02    0.44009E+01
    12    0.25133E+00    0.86358E+01    0.51337E-02    0.40223E+01
    13    0.27227E+00    0.52166E+01    0.57029E-02    0.41380E+01
    14    0.29322E+00    0.11368E+02    0.58660E-02    0.40749E+01
    15    0.31416E+00    0.83774E+01    0.63573E-02    0.43067E+01
    16    0.33510E+00    0.97297E+01    0.66362E-02    0.40822E+01
    17    0.35605E+00    0.10160E+02    0.71783E-02    0.40101E+01
    18    0.37699E+00    0.15663E+02    0.75209E-02    0.40540E+01
    19    0.39794E+00    0.99775E+01    0.78653E-02    0.40483E+01
    20    0.41888E+00    0.78229E+01    0.83606E-02    0.39693E+01
    21    0.43982E+00    0.75121E+01    0.84151E-02    0.38217E+01
    22    0.46077E+00    0.91709E+01    0.90046E-02    0.39064E+01
    23    0.48171E+00    0.12478E+02    0.93719E-02    0.39812E+01
    24    0.50265E+00    0.14877E+02    0.96199E-02    0.38855E+01
    25    0.52360E+00    0.18898E+02    0.99447E-02    0.38082E+01
    26    0.54454E+00    0.19047E+02    0.10269E-01    0.37847E+01
    27    0.56549E+00    0.19804E+02    0.10687E-01    0.37978E+01
    28    0.58643E+00    0.10748E+02    0.10888E-01    0.37252E+01
    29    0.60737E+00    0.10465E+02    0.11104E-01    0.35885E+01
    30    0.62832E+00    0.21918E+02    0.11712E-01    0.37621E+01
    31    0.64926E+00    0.17736E+02    0.11886E-01    0.36512E+01
    32    0.67021E+00    0.17867E+02    0.12370E-01    0.37000E+01
    33    0.69115E+00    0.19544E+02    0.12146E-01    0.35110E+01
    34    0.71209E+00    0.31671E+02    0.13057E-01    0.36167E+01
    35    0.73304E+00    0.29583E+02    0.13503E-01    0.36522E+01
    36    0.75398E+00    0.25076E+02    0.13773E-01    0.35506E+01
    37    0.77493E+00    0.31424E+02    0.14079E-01    0.35963E+01
    38    0.79587E+00    0.35333E+02    0.14652E-01    0.35944E+01
    39    0.81681E+00    0.38693E+02    0.14731E-01    0.35626E+01
    40    0.83776E+00    0.38702E+02    0.15307E-01    0.35793E+01
    41    0.85870E+00    0.30545E+02    0.15315E-01    0.33932E+01
    42    0.87965E+00    0.36216E+02    0.15912E-01    0.34588E+01
    43    0.90059E+00    0.45425E+02    0.16386E-01    0.35052E+01
    44    0.92153E+00    0.47415E+02    0.16851E-01    0.34893E+01
    45    0.94248E+00    0.40565E+02    0.16782E-01    0.33448E+01
    46    0.96342E+00    0.53799E+02    0.17579E-01    0.34487E+01
    47    0.98437E+00    0.43761E+02    0.17862E-01    0.34069E+01
    48    0.10053E+01    0.53307E+02    0.18554E-01    0.34176E+01
    49    0.10263E+01    0.57783E+02    0.18513E-01    0.33181E+01
    50    0.10472E+01    0.50836E+02    0.19073E-01    0.32829E+01
    51    0.10681E+01    0.54480E+02    0.19469E-01    0.33315E+01
    52    0.10891E+01    0.60698E+02    0.19646E-01    0.32422E+01
    53    0.11100E+01    0.66478E+02    0.20130E-01    0.32316E+01
    54    0.11310E+01    0.65678E+02    0.20377E-01    0.32234E+01
    55    0.11519E+01    0.64751E+02    0.20782E-01    0.31999E+01
    56    0.11729E+01    0.63206E+02    0.21219E-01    0.31649E+01
    57    0.11938E+01    0.71230E+02    0.21420E-01    0.30807E+01
    58    0.12147E+01    0.71917E+02    0.21736E-01    0.30916E+01
    59    0.12357E+01    0.65414E+02    0.22088E-01    0.30376E+01
    60    0.12566E+01    0.70760E+02    0.22569E-01    0.30050E+01
    61    0.12776E+01    0.77644E+02    0.22777E-01    0.29839E+01
    62    0.12985E+01    0.77899E+02    0.23197E-01    0.29362E+01
    63    0.13195E+01    0.80140E+02    0.23438E-01    0.29482E+01
    64    0.13404E+01    0.76617E+02    0.23661E-01    0.28688E+01
    65    0.13614E+01    0.85177E+02    0.24304E-01    0.28358E+01
    66    0.13823E+01    0.81751E+02    0.24473E-01    0.28083E+01
    67    0.14032E+01    0.79761E+02    0.24706E-01    0.27571E+01
    68    0.14242E+01    0.83887E+02    0.24780E-01    0.27168E+01
    69    0.14451E+01    0.79511E+02    0.25244E-01    0.26603E+01
    70    0.14661E+01    0.83061E+02    0.25369E-01    0.26324E+01
    71    0.14870E+01    0.87151E+02    0.25590E-01    0.26140E+01
    72    0.15080E+01    0.93514E+02    0.25972E-01    0.25622E+01
    73    0.15289E+01    0.92688E+02    0.25854E-01    0.25014E+01
    74    0.15499E+01    0.87883E+02    0.26375E-01    0.24792E+01
    75    0.15708E+01    0.90282E+02    0.26430E-01    0.24344E+01
    76    0.15917E+01    0.89612E+02    0.26603E-01    0.23932E+01
    77    0.16127E+01    0.86236E+02    0.26647E-01    0.23175E+01
    78    0.16336E+01    0.93540E+02    0.27207E-01    0.23379E+01
    79    0.16546E+01    0.93660E+02    0.27243E-01    0.22671E+01
    80    0.16755E+01    0.91382E+02    0.27506E-01    0.22541E+01
    81    0.16965E+01    0.88346E+02    0.27776E-01    0.21859E+01
    82    0.17174E+01    0.92454E+02    0.28288E-01    0.21856E+01
    83    0.17383E+01    0.97538E+02    0.28111E-01    0.21399E+01
    84    0.17593E+01    0.94673E+02    0.28321E-01    0.20981E+01
    85    0.17802E+01    0.95584E+02    0.28787E-01    0.20629E+01
    86    0.18012E+01    0.93367E+02    0.28632E-01    0.20147E+01
    87    0.18221E+01    0.96165E+02    0.29094E-01    0.20065E+01
    88    0.18431E+01    0.97231E+02    0.29133E-01    0.19695E+01
    89    0.18640E+01    0.94063E+02    0.29396E-01    0.19363E+01
    90    0.18850E+01    0.97008E+02    0.29223E-01    0.18703E+01
    91    0.19059E+01    0.96577E+02    0.29695E-01    0.18601E+01
    92    0.19268E+01    0.98773E+02    0.30112E-01    0.18418E+01
    93    0.19478E+01    0.93889E+02    0.29638E-01    0.17706E+01
    94    0.19687E+01    0.98228E+02    0.30070E-01    0.17659E+01
    95    0.19897E+01    0.10036E+03    0.30585E-01    0.17640E+01
    96    0.20106E+01    0.95828E+02    0.30321E-01    0.16949E+01
    97    0.20316E+01    0.10045E+03    0.30857E-01    0.16768E+01
    98    0.20525E+01    0.95501E+02    0.30785E-01    0.16395E+01
    99    0.20735E+01    0.95198E+02    0.31014E-01    0.16291E+01
   100    0.20944E+01    0.10056E+03    0.31350E-01    0.16044E+01
   101    0.21153E+01    0.10079E+03    0.31348E-01    0.15754E+01
   102    0.21363E+01    0.99846E+02    0.31548E-01    0.15478E+01
   103    0.21572E+01    0.10103E+03    0.32013E-01    0.15268E+01
   104    0.21782E+01    0.10017E+03    0.31955E-01    0.15173E+01
   105    0.21991E+01    0.10421E+03    0.32451E-01    0.14864E+01
   106    0.22201E+01    0.10373E+03    0.32464E-01    0.14718E+01
   107    0.22410E+01    0.10180E+03    0.32706E-01    0.14480E+01
   108    0.22619E+01    0.10413E+03    0.32832E-01    0.14196E+01
   109    0.22829E+01    0.10523E+03    0.33045E-01    0.13942E+01
   110    0.23038E+01    0.11315E+03    0.33637E-01    0.14004E+01
   111    0.23248E+01    0.11002E+03    0.33482E-01    0.13632E+01
   112    0.23457E+01    0.11386E+03    0.33814E-01    0.13498E+01
   113    0.23667E+01    0.10845E+03    0.33871E-01    0.13229E+01
   114    0.23876E+01    0.11255E+03    0.34539E-01    0.13209E+01
   115    0.24086E+01    0.11316E+03    0.34686E-01    0.13029E+01
   116    0.24295E+01    0.11907E+03    0.34915E-01    0.12865E+01
   117    0.24504E+01    0.11579E+03    0.35036E-01    0.12629E+01
   118    0.24714E+01    0.11788E+03    0.35285E-01    0.12581E+01
   119    0.24923E+01    0.12002E+03    0.35758E-01    0.12527E+01
   120    0.25133E+01    0.12282E+03    0.35947E-01    0.12329E+01
   121    0.25342E+01    0.12656E+03    0.36466E-01    0.12280E+01
   122    0.25552E+01    0.12868E+03    0.36742E-01    0.12117E+01
   123    0.25761E+01    0.13115E+03    0.37107E-01    0.12110E+01
   124    0.25970E+01    0.13673E+03    0.37462E-01    0.12030E+01
   125    0.26180E+01    0.13454E+03    0.37494E-01    0.11807E+01
   126    0.26389E+01    0.13851E+03    0.37806E-01    0.11805E+01
   127    0.26599E+01    0.14365E+03    0.38486E-01    0.11777E+01
