     2    0.41888E-01    0.30111E+00    0.13659E-03    0.59526E+00
     3    0.62832E-01   -0.15190E+01    0.36508E-03    0.15002E+01
     4    0.83776E-01   -0.31334E+01    0.63242E-03    0.19731E+01
     5    0.10472E+00    0.16145E+01    0.73396E-03    0.18971E+01
     6    0.12566E+00    0.30791E+01    0.97875E-03    0.24183E+01
     7    0.14661E+00    0.58082E+01    0.12071E-02    0.27820E+01
     8    0.16755E+00    0.66526E+01    0.13695E-02    0.26273E+01
     9    0.18850E+00    0.23670E+00    0.15100E-02    0.24961E+01
    10    0.20944E+00   -0.49744E-01    0.16140E-02    0.23582E+01
    11    0.23038E+00    0.63131E+01    0.19380E-02    0.28399E+01
    12    0.25133E+00    0.73411E+01    0.21173E-02    0.27699E+01
    13    0.27227E+00    0.67313E+01    0.23495E-02    0.28368E+01
    14    0.29322E+00    0.13691E+02    0.24723E-02    0.28371E+01
    15    0.31416E+00    0.12730E+02    0.27895E-02    0.31683E+01
    16    0.33510E+00    0.15158E+02    0.29661E-02    0.30736E+01
    17    0.35605E+00    0.14496E+02    0.31729E-02    0.29230E+01
    18    0.37699E+00    0.18501E+02    0.33974E-02    0.30324E+01
    19    0.39794E+00    0.20716E+02    0.36870E-02    0.32230E+01
    20    0.41888E+00    0.17097E+02    0.39228E-02    0.31248E+01
    21    0.43982E+00    0.22193E+02    0.40736E-02    0.31433E+01
    22    0.46077E+00    0.25212E+02    0.45424E-02    0.33553E+01
    23    0.48171E+00    0.20930E+02    0.46833E-02    0.33079E+01
    24    0.50265E+00    0.39330E+02    0.50339E-02    0.34776E+01
    25    0.52360E+00    0.36589E+02    0.52196E-02    0.33834E+01
    26    0.54454E+00    0.40284E+02    0.54440E-02    0.33722E+01
    27    0.56549E+00    0.43597E+02    0.58756E-02    0.35373E+01
    28    0.58643E+00    0.39185E+02    0.58403E-02    0.34033E+01
    29    0.60737E+00    0.48627E+02    0.61553E-02    0.34217E+01
    30    0.62832E+00    0.51221E+02    0.64731E-02    0.35107E+01
    31    0.64926E+00    0.50758E+02    0.68050E-02    0.35359E+01
    32    0.67021E+00    0.59774E+02    0.70625E-02    0.36039E+01
    33    0.69115E+00    0.63907E+02    0.72150E-02    0.35301E+01
    34    0.71209E+00    0.72577E+02    0.76852E-02    0.36064E+01
    35    0.73304E+00    0.69413E+02    0.79774E-02    0.36315E+01
    36    0.75398E+00    0.66199E+02    0.80197E-02    0.35029E+01
    37    0.77493E+00    0.70818E+02    0.82349E-02    0.35283E+01
    38    0.79587E+00    0.69618E+02    0.84510E-02    0.34891E+01
    39    0.81681E+00    0.78650E+02    0.87694E-02    0.35621E+01
    40    0.83776E+00    0.81095E+02    0.89916E-02    0.35048E+01
    41    0.85870E+00    0.74463E+02    0.92155E-02    0.34002E+01
    42    0.87965E+00    0.87324E+02    0.94754E-02    0.34770E+01
    43    0.90059E+00    0.85448E+02    0.95648E-02    0.34124E+01
    44    0.92153E+00    0.87215E+02    0.99475E-02    0.34627E+01
    45    0.94248E+00    0.91014E+02    0.10017E-01    0.33576E+01
    46    0.96342E+00    0.91108E+02    0.10244E-01    0.33567E+01
    47    0.98437E+00    0.94156E+02    0.10501E-01    0.33770E+01
    48    0.10053E+01    0.90314E+02    0.10579E-01    0.32610E+01
    49    0.10263E+01    0.96261E+02    0.11024E-01    0.32699E+01
    50    0.10472E+01    0.90586E+02    0.11153E-01    0.32157E+01
    51    0.10681E+01    0.93274E+02    0.11413E-01    0.32584E+01
    52    0.10891E+01    0.92572E+02    0.11448E-01    0.31477E+01
    53    0.11100E+01    0.10445E+03    0.11903E-01    0.31792E+01
    54    0.11310E+01    0.10369E+03    0.12063E-01    0.31772E+01
    55    0.11519E+01    0.10533E+03    0.12088E-01    0.31120E+01
    56    0.11729E+01    0.10062E+03    0.12253E-01    0.30605E+01
    57    0.11938E+01    0.10399E+03    0.12424E-01    0.29973E+01
    58    0.12147E+01    0.10331E+03    0.12721E-01    0.30317E+01
    59    0.12357E+01    0.10034E+03    0.12805E-01    0.29678E+01
    60    0.12566E+01    0.99495E+02    0.12842E-01    0.28689E+01
    61    0.12776E+01    0.10278E+03    0.13153E-01    0.28737E+01
    62    0.12985E+01    0.10236E+03    0.13480E-01    0.28643E+01
    63    0.13195E+01    0.10405E+03    0.13553E-01    0.28767E+01
    64    0.13404E+01    0.10380E+03    0.13587E-01    0.27738E+01
    65    0.13614E+01    0.10395E+03    0.13781E-01    0.27194E+01
    66    0.13823E+01    0.10619E+03    0.14003E-01    0.27116E+01
    67    0.14032E+01    0.11096E+03    0.14118E-01    0.26762E+01
    68    0.14242E+01    0.10808E+03    0.14515E-01    0.26950E+01
    69    0.14451E+01    0.11104E+03    0.14553E-01    0.26126E+01
    70    0.14661E+01    0.10453E+03    0.14732E-01    0.26004E+01
    71    0.14870E+01    0.95437E+02    0.14694E-01    0.25345E+01
    72    0.15080E+01    0.99949E+02    0.15075E-01    0.25151E+01
    73    0.15289E+01    0.10051E+03    0.15104E-01    0.24722E+01
    74    0.15499E+01    0.10208E+03    0.15162E-01    0.24175E+01
    75    0.15708E+01    0.99885E+02    0.15385E-01    0.24103E+01
    76    0.15917E+01    0.10853E+03    0.15576E-01    0.23776E+01
    77    0.16127E+01    0.96480E+02    0.15722E-01    0.23377E+01
    78    0.16336E+01    0.98983E+02    0.15895E-01    0.23165E+01
    79    0.16546E+01    0.97779E+02    0.16024E-01    0.22821E+01
    80    0.16755E+01    0.10401E+03    0.16289E-01    0.22635E+01
    81    0.16965E+01    0.98756E+02    0.16293E-01    0.21968E+01
    82    0.17174E+01    0.10256E+03    0.16339E-01    0.21687E+01
    83    0.17383E+01    0.97549E+02    0.16543E-01    0.21480E+01
    84    0.17593E+01    0.95405E+02    0.16725E-01    0.21198E+01
    85    0.17802E+01    0.95929E+02    0.16979E-01    0.20961E+01
    86    0.18012E+01    0.97983E+02    0.17081E-01    0.20655E+01
    87    0.18221E+01    0.95639E+02    0.17191E-01    0.20365E+01
    88    0.18431E+01    0.92704E+02    0.17371E-01    0.20064E+01
    89    0.18640E+01    0.89844E+02    0.17562E-01    0.19818E+01
    90    0.18850E+01    0.94819E+02    0.17760E-01    0.19545E+01
    91    0.19059E+01    0.94757E+02    0.17683E-01    0.19147E+01
    92    0.19268E+01    0.94141E+02    0.18024E-01    0.18997E+01
    93    0.19478E+01    0.95281E+02    0.18038E-01    0.18635E+01
    94    0.19687E+01    0.96448E+02    0.18280E-01    0.18633E+01
    95    0.19897E+01    0.97561E+02    0.18580E-01    0.18510E+01
    96    0.20106E+01    0.91573E+02    0.18628E-01    0.18020E+01
    97    0.20316E+01    0.95177E+02    0.18784E-01    0.17833E+01
    98    0.20525E+01    0.93602E+02    0.18899E-01    0.17484E+01
    99    0.20735E+01    0.94788E+02    0.19171E-01    0.17498E+01
   100    0.20944E+01    0.86419E+02    0.19188E-01    0.17034E+01
   101    0.21153E+01    0.88423E+02    0.19331E-01    0.16824E+01
   102    0.21363E+01    0.96742E+02    0.19748E-01    0.16844E+01
   103    0.21572E+01    0.93697E+02    0.19834E-01    0.16551E+01
   104    0.21782E+01    0.90806E+02    0.20039E-01    0.16469E+01
   105    0.21991E+01    0.90025E+02    0.20143E-01    0.16100E+01
   106    0.22201E+01    0.93716E+02    0.20340E-01    0.16000E+01
   107    0.22410E+01    0.93367E+02    0.20600E-01    0.15829E+01
   108    0.22619E+01    0.92509E+02    0.20562E-01    0.15496E+01
   109    0.22829E+01    0.89809E+02    0.20846E-01    0.15332E+01
   110    0.23038E+01    0.93725E+02    0.21109E-01    0.15325E+01
   111    0.23248E+01    0.10072E+03    0.21535E-01    0.15327E+01
   112    0.23457E+01    0.95865E+02    0.21577E-01    0.15047E+01
   113    0.23667E+01    0.96188E+02    0.21845E-01    0.14938E+01
   114    0.23876E+01    0.95535E+02    0.21907E-01    0.14666E+01
   115    0.24086E+01    0.95330E+02    0.22137E-01    0.14582E+01
   116    0.24295E+01    0.10021E+03    0.22412E-01    0.14446E+01
   117    0.24504E+01    0.10003E+03    0.22651E-01    0.14341E+01
   118    0.24714E+01    0.99507E+02    0.22859E-01    0.14276E+01
   119    0.24923E+01    0.10187E+03    0.23143E-01    0.14243E+01
   120    0.25133E+01    0.10654E+03    0.23562E-01    0.14165E+01
   121    0.25342E+01    0.10733E+03    0.23718E-01    0.14020E+01
   122    0.25552E+01    0.10754E+03    0.23817E-01    0.13781E+01
   123    0.25761E+01    0.11209E+03    0.24244E-01    0.13793E+01
   124    0.25970E+01    0.11182E+03    0.24566E-01    0.13796E+01
   125    0.26180E+01    0.11341E+03    0.24764E-01    0.13591E+01
   126    0.26389E+01    0.11764E+03    0.25042E-01    0.13665E+01
   127    0.26599E+01    0.11688E+03    0.25327E-01    0.13556E+01
