4.188790E-02	6.605827E-01	3.472971E+00	1.859603E-29	2.174052E-13	3.268828E-13
6.283185E-02	1.300776E+00	4.678241E+00	7.994059E-03	1.957806E-12	1.118816E-12
8.377580E-02	2.089359E+00	7.479586E+00	2.208699E-02	7.973406E-12	3.255614E-12
1.047198E-01	3.649596E+00	1.125219E+01	3.176997E-02	1.842702E-11	5.292666E-12
1.256637E-01	4.335042E+00	1.435977E+01	3.666482E-02	4.198953E-11	9.205177E-12
1.466077E-01	5.180181E+00	2.101926E+01	3.334939E-02	7.839312E-11	1.489784E-11
1.675516E-01	7.681615E+00	2.512504E+01	9.291391E-03	1.330757E-10	2.455540E-11
1.884956E-01	2.524023E+00	2.925457E+01	1.225832E-02	2.054715E-10	3.144510E-11
2.094395E-01	5.779749E+00	3.565726E+01	3.090624E-02	3.067666E-10	4.418918E-11
2.303835E-01	1.635997E+00	3.806550E+01	3.482128E-02	4.817017E-10	6.090541E-11
2.513274E-01	2.258893E+00	3.856696E+01	4.370200E-02	6.501980E-10	7.931796E-11
2.722714E-01	2.173333E+01	4.768087E+01	3.125859E-02	9.202752E-10	9.907495E-11
2.932153E-01	5.372169E+00	4.232088E+01	6.666415E-02	1.180310E-09	1.324014E-10
3.141593E-01	7.455187E+00	4.961058E+01	6.610819E-02	1.576623E-09	1.526519E-10
3.351032E-01	6.000764E+00	5.783122E+01	4.001862E-02	1.988889E-09	1.823830E-10
3.560472E-01	7.756901E+00	5.395435E+01	3.456973E-02	2.586041E-09	2.264430E-10
3.769911E-01	7.090262E+00	5.779995E+01	5.824651E-02	3.193844E-09	2.610367E-10
3.979351E-01	7.622591E+00	5.778896E+01	4.970841E-02	3.882814E-09	3.066942E-10
4.188790E-01	1.545580E+01	6.420600E+01	5.326480E-02	4.837562E-09	3.636070E-10
4.398230E-01	5.940403E+00	5.865855E+01	6.260441E-02	5.520128E-09	4.024893E-10
4.607669E-01	7.857747E+00	6.124009E+01	4.693032E-02	6.858778E-09	4.728939E-10
4.817109E-01	1.342354E+01	6.230452E+01	4.555482E-02	8.074151E-09	5.583382E-10
5.026548E-01	2.374827E+00	6.306812E+01	6.677520E-02	9.311745E-09	6.046629E-10
5.235988E-01	1.687269E+01	6.354228E+01	4.432784E-02	1.085117E-08	6.851177E-10
5.445427E-01	-8.427202E-02	6.259649E+01	4.365642E-02	1.234592E-08	7.872302E-10
5.654867E-01	1.128517E+01	6.217139E+01	3.960175E-02	1.433134E-08	8.854633E-10
5.864306E-01	9.377964E+00	6.402280E+01	7.656901E-02	1.617563E-08	9.751345E-10
6.073746E-01	1.427061E+01	6.315129E+01	7.707013E-02	1.795129E-08	1.092658E-09
6.283185E-01	1.074930E+01	6.334944E+01	6.624640E-02	2.101246E-08	1.204565E-09
6.492625E-01	2.269110E+00	6.535191E+01	6.965550E-02	2.312438E-08	1.337750E-09
6.702064E-01	7.968531E+00	6.583589E+01	4.829914E-02	2.615957E-08	1.495634E-09
6.911504E-01	1.268180E+01	6.739380E+01	5.600530E-02	2.851290E-08	1.619677E-09
7.120943E-01	9.359320E+00	6.370423E+01	4.647205E-02	3.268711E-08	1.792644E-09
7.330383E-01	8.329238E+00	6.561375E+01	3.717550E-02	3.665185E-08	1.926400E-09
7.539822E-01	9.032219E+00	6.330181E+01	4.771326E-02	3.902643E-08	2.053845E-09
7.749262E-01	1.045059E+01	6.618903E+01	2.374435E-02	4.333819E-08	2.253700E-09
7.958701E-01	4.574752E+00	6.469295E+01	6.943916E-02	4.786998E-08	2.443692E-09
8.168141E-01	1.021010E+01	6.558494E+01	5.099942E-02	5.186245E-08	2.647287E-09
8.377580E-01	1.176919E+01	6.413198E+01	1.064212E-01	5.694209E-08	2.836936E-09
8.587020E-01	1.263162E+01	6.472138E+01	4.335537E-02	6.073327E-08	3.097195E-09
8.796459E-01	1.216118E+01	6.267551E+01	6.031347E-02	6.773909E-08	3.358187E-09
9.005899E-01	8.634648E+00	6.450648E+01	6.728051E-02	7.306494E-08	3.520079E-09
9.215338E-01	1.747926E+01	6.315115E+01	3.795875E-02	7.893243E-08	3.802807E-09
9.424778E-01	8.040292E+00	6.416607E+01	7.048294E-02	8.459915E-08	4.063349E-09
9.634217E-01	1.200742E+01	6.194612E+01	4.384650E-02	9.024369E-08	4.413667E-09
9.843657E-01	1.079748E+01	6.278906E+01	7.044679E-02	9.792484E-08	4.568781E-09
1.005310E+00	1.325138E+01	6.403430E+01	3.655834E-02	1.070767E-07	4.931668E-09
1.026254E+00	1.424837E+01	6.196216E+01	4.278825E-02	1.115258E-07	5.245024E-09
1.047198E+00	1.364398E+01	6.211068E+01	5.803326E-02	1.200784E-07	5.543509E-09
1.068142E+00	1.234295E+01	6.075865E+01	6.285284E-02	1.287105E-07	6.015383E-09
1.089085E+00	1.420762E+01	6.045810E+01	3.876163E-02	1.371418E-07	6.256384E-09
1.110029E+00	1.358638E+01	6.039973E+01	4.010287E-02	1.457297E-07	6.624323E-09
1.130973E+00	1.550503E+01	6.072323E+01	4.689861E-02	1.585287E-07	7.175544E-09
1.151917E+00	1.792380E+01	5.902847E+01	4.315897E-02	1.641013E-07	7.350757E-09
1.172861E+00	1.319945E+01	5.981948E+01	6.981545E-02	1.787354E-07	7.981389E-09
1.193805E+00	1.265340E+01	5.855821E+01	5.375019E-02	1.853281E-07	8.311867E-09
1.214749E+00	1.882716E+01	5.791456E+01	6.498633E-02	1.979898E-07	8.695506E-09
1.235693E+00	1.265802E+01	5.841060E+01	6.088373E-02	2.107015E-07	9.205739E-09
1.256637E+00	1.468946E+01	5.706556E+01	7.550004E-02	2.194210E-07	9.672384E-09
1.277581E+00	1.270099E+01	5.706401E+01	5.187150E-02	2.302305E-07	1.019184E-08
1.298525E+00	1.387824E+01	5.680959E+01	6.618425E-02	2.461168E-07	1.067200E-08
1.319469E+00	1.736399E+01	5.769615E+01	6.580618E-02	2.595280E-07	1.142787E-08
1.340413E+00	1.201537E+01	5.556074E+01	4.809221E-02	2.723200E-07	1.179301E-08
1.361357E+00	1.664633E+01	5.610868E+01	4.914457E-02	2.882536E-07	1.229914E-08
1.382301E+00	1.751932E+01	5.626483E+01	5.533560E-02	3.006652E-07	1.296938E-08
1.403245E+00	1.501717E+01	5.502728E+01	5.987568E-02	3.185267E-07	1.344352E-08
1.424189E+00	1.459302E+01	5.438838E+01	3.977380E-02	3.338142E-07	1.414656E-08
1.445133E+00	1.651113E+01	5.411002E+01	6.831922E-02	3.469459E-07	1.474896E-08
1.466077E+00	1.660567E+01	5.280476E+01	7.082178E-02	3.657283E-07	1.552812E-08
1.487021E+00	1.751772E+01	5.293756E+01	5.785435E-02	3.854094E-07	1.627123E-08
1.507964E+00	1.675997E+01	5.302631E+01	5.245698E-02	4.041441E-07	1.692909E-08
1.528908E+00	2.275897E+01	5.335774E+01	3.985494E-02	4.179411E-07	1.729654E-08
1.549852E+00	1.819620E+01	5.208671E+01	6.935399E-02	4.445731E-07	1.829728E-08
1.570796E+00	1.959988E+01	5.288045E+01	5.615555E-02	4.579926E-07	1.901458E-08
1.591740E+00	1.697122E+01	5.122469E+01	5.592160E-02	4.819103E-07	2.009759E-08
1.612684E+00	1.672671E+01	5.135513E+01	5.560694E-02	5.022190E-07	2.084573E-08
1.633628E+00	2.146882E+01	5.094767E+01	8.327310E-02	5.252273E-07	2.158895E-08
1.654572E+00	1.932771E+01	5.086519E+01	4.777220E-02	5.494933E-07	2.240338E-08
1.675516E+00	2.391897E+01	4.939805E+01	4.370756E-02	5.697355E-07	2.311933E-08
1.696460E+00	2.383395E+01	4.931956E+01	5.100759E-02	5.964417E-07	2.454587E-08
1.717404E+00	2.327983E+01	4.888357E+01	5.767038E-02	6.201585E-07	2.532148E-08
1.738348E+00	2.218772E+01	4.866227E+01	4.842675E-02	6.507771E-07	2.648124E-08
1.759292E+00	2.486145E+01	4.795175E+01	4.493979E-02	6.771426E-07	2.701571E-08
1.780236E+00	2.436859E+01	4.755034E+01	4.359659E-02	7.084942E-07	2.792019E-08
1.801180E+00	2.354866E+01	4.763916E+01	4.569126E-02	7.329432E-07	2.924521E-08
1.822124E+00	2.638329E+01	4.721168E+01	4.389376E-02	7.639796E-07	3.052810E-08
1.843068E+00	2.746008E+01	4.705079E+01	5.421285E-02	8.002071E-07	3.131918E-08
1.864012E+00	2.943081E+01	4.675662E+01	5.142596E-02	8.256083E-07	3.255616E-08
1.884956E+00	2.872411E+01	4.623473E+01	5.197652E-02	8.627677E-07	3.390030E-08
1.905900E+00	2.847961E+01	4.594840E+01	5.035936E-02	8.893370E-07	3.490451E-08
1.926843E+00	2.808349E+01	4.547398E+01	4.725825E-02	9.327022E-07	3.646420E-08
1.947787E+00	3.102958E+01	4.493419E+01	5.915898E-02	9.678724E-07	3.780490E-08
1.968731E+00	3.002632E+01	4.496590E+01	4.924400E-02	1.001413E-06	3.899036E-08
1.989675E+00	3.400650E+01	4.513139E+01	6.519970E-02	1.045889E-06	3.978088E-08
2.010619E+00	3.438185E+01	4.499980E+01	5.611377E-02	1.084164E-06	4.110984E-08
2.031563E+00	3.645098E+01	4.425564E+01	6.145134E-02	1.118244E-06	4.299823E-08
2.052507E+00	3.839545E+01	4.428245E+01	8.877871E-02	1.165729E-06	4.436613E-08
2.073451E+00	3.514346E+01	4.330197E+01	4.435698E-02	1.208603E-06	4.559261E-08
2.094395E+00	3.875408E+01	4.328435E+01	7.402965E-02	1.259693E-06	4.734968E-08
2.115339E+00	3.669473E+01	4.323354E+01	5.829600E-02	1.291577E-06	4.902043E-08
2.136283E+00	3.874644E+01	4.302737E+01	6.620481E-02	1.344774E-06	5.043694E-08
2.157227E+00	4.139195E+01	4.296733E+01	6.015476E-02	1.383232E-06	5.191751E-08
2.178171E+00	4.279780E+01	4.306543E+01	5.375699E-02	1.439584E-06	5.377823E-08
2.199115E+00	4.537183E+01	4.302381E+01	6.622910E-02	1.492712E-06	5.564267E-08
2.220059E+00	4.670030E+01	4.293387E+01	6.216140E-02	1.547467E-06	5.728093E-08
2.241003E+00	4.927303E+01	4.264325E+01	5.407594E-02	1.610292E-06	5.894760E-08
2.261947E+00	4.890444E+01	4.291276E+01	8.620511E-02	1.650426E-06	6.066017E-08
2.282891E+00	5.196384E+01	4.302919E+01	7.543060E-02	1.718124E-06	6.248061E-08
2.303835E+00	5.232910E+01	4.261451E+01	7.789524E-02	1.773183E-06	6.399153E-08
2.324779E+00	5.446252E+01	4.310685E+01	7.901640E-02	1.841024E-06	6.561415E-08
2.345723E+00	5.524950E+01	4.310990E+01	7.862255E-02	1.906501E-06	6.866262E-08
2.366666E+00	5.844046E+01	4.357663E+01	7.108660E-02	1.953458E-06	7.073553E-08
2.387610E+00	5.672278E+01	4.416812E+01	5.782401E-02	2.030614E-06	7.211644E-08
2.408554E+00	6.124029E+01	4.564754E+01	8.333606E-02	2.097631E-06	7.422811E-08
2.429498E+00	9.837803E+01	5.167217E+01	2.145835E-01	2.192033E-06	7.736168E-08
2.450442E+00	9.786316E+01	5.250928E+01	1.745855E-01	2.258386E-06	7.968001E-08
2.471386E+00	1.024629E+02	5.292106E+01	2.125387E-01	2.335103E-06	8.170699E-08
2.492330E+00	1.038037E+02	5.287036E+01	1.541679E-01	2.419370E-06	8.414388E-08
2.513274E+00	1.064447E+02	5.387505E+01	2.005778E-01	2.487142E-06	8.632757E-08
2.534218E+00	1.101304E+02	5.408390E+01	2.286397E-01	2.589851E-06	8.860997E-08
2.555162E+00	1.123955E+02	5.421896E+01	2.138092E-01	2.669979E-06	9.175801E-08
2.576106E+00	1.153576E+02	5.429111E+01	2.207687E-01	2.745474E-06	9.349271E-08
2.597050E+00	1.188744E+02	5.517063E+01	2.737817E-01	2.861115E-06	9.624338E-08
2.617994E+00	1.228008E+02	5.483095E+01	2.323895E-01	2.933052E-06	9.945552E-08
2.638938E+00	1.248882E+02	5.521190E+01	2.878855E-01	3.046626E-06	1.021509E-07
2.659882E+00	1.297033E+02	5.522168E+01	2.739512E-01	3.144572E-06	1.048971E-07
