4.188790E-02	6.078061E-01	2.419146E+01	1.438025E-30	6.466010E-14	3.269176E-13
6.283185E-02	-1.064983E+01	3.942380E+01	1.070812E-02	5.825608E-13	1.118595E-12
8.377580E-02	-5.160034E+00	7.208520E+01	6.425959E-03	2.364652E-12	3.259337E-12
1.047198E-01	9.561571E+00	6.835801E+01	3.874520E-02	5.476591E-12	5.286701E-12
1.256637E-01	5.384439E+00	8.829889E+01	3.398640E-02	1.251336E-11	9.189670E-12
1.466077E-01	1.005455E+01	8.482976E+01	5.871031E-02	2.336651E-11	1.488573E-11
1.675516E-01	1.041746E+01	8.365010E+01	3.064891E-02	3.959709E-11	2.458232E-11
1.884956E-01	2.535780E+00	6.990358E+01	2.365253E-02	6.113463E-11	3.147042E-11
2.094395E-01	-1.125886E+01	6.052584E+01	7.397587E-02	9.140937E-11	4.431812E-11
2.303835E-01	6.859978E+00	6.579622E+01	3.748840E-02	1.435059E-10	6.106758E-11
2.513274E-01	1.361431E+01	6.586754E+01	3.886550E-02	1.935913E-10	7.934524E-11
2.722714E-01	6.164012E+00	7.002695E+01	4.409424E-02	2.745763E-10	9.933297E-11
2.932153E-01	6.772233E+00	5.905343E+01	5.615373E-02	3.525200E-10	1.327293E-10
3.141593E-01	4.242834E+00	5.911786E+01	7.037673E-02	4.708294E-10	1.527986E-10
3.351032E-01	6.542490E+00	5.481515E+01	3.506246E-02	5.944177E-10	1.813370E-10
3.560472E-01	6.016656E+00	5.696649E+01	3.663273E-02	7.711885E-10	2.279057E-10
3.769911E-01	8.027943E-02	5.127536E+01	2.459127E-02	9.560694E-10	2.609164E-10
3.979351E-01	9.556187E+00	5.080497E+01	3.177980E-02	1.159662E-09	3.071603E-10
4.188790E-01	1.375204E+01	5.176055E+01	4.949492E-02	1.453210E-09	3.603594E-10
4.398230E-01	2.607749E+00	4.931048E+01	4.519996E-02	1.647255E-09	4.021133E-10
4.607669E-01	2.112146E+00	4.730741E+01	3.186855E-02	2.053887E-09	4.734378E-10
4.817109E-01	1.339150E+01	4.907379E+01	3.203993E-02	2.411067E-09	5.597860E-10
5.026548E-01	6.118947E+00	4.798835E+01	3.964161E-02	2.779127E-09	6.047855E-10
5.235988E-01	4.115539E+00	4.562489E+01	4.837209E-02	3.249204E-09	6.819618E-10
5.445427E-01	5.518014E+00	4.528095E+01	5.577923E-02	3.699326E-09	7.891380E-10
5.654867E-01	6.842599E+00	4.429099E+01	6.912768E-02	4.287728E-09	8.834271E-10
5.864306E-01	7.223823E+00	4.277407E+01	6.642232E-02	4.849398E-09	9.702876E-10
6.073746E-01	5.815674E+00	4.259907E+01	4.149136E-02	5.349072E-09	1.094635E-09
6.283185E-01	7.112489E+00	4.126501E+01	5.925161E-02	6.279181E-09	1.204785E-09
6.492625E-01	1.943904E+00	3.968396E+01	4.212794E-02	6.883764E-09	1.345219E-09
6.702064E-01	1.955280E+00	3.860863E+01	5.734117E-02	7.830065E-09	1.492101E-09
6.911504E-01	7.364002E+00	3.954795E+01	3.724831E-02	8.541996E-09	1.610052E-09
7.120943E-01	3.572910E+00	3.752843E+01	8.708353E-02	9.749147E-09	1.782612E-09
7.330383E-01	8.080658E+00	3.738928E+01	5.738237E-02	1.088277E-08	1.918753E-09
7.539822E-01	3.117333E+00	3.773155E+01	6.263792E-02	1.166432E-08	2.043918E-09
7.749262E-01	6.045855E+00	3.661393E+01	5.829143E-02	1.294229E-08	2.251711E-09
7.958701E-01	6.607976E+00	3.649540E+01	6.725052E-02	1.427188E-08	2.454477E-09
8.168141E-01	6.133294E+00	3.499977E+01	5.038497E-02	1.534389E-08	2.634898E-09
8.377580E-01	6.526790E+00	3.650588E+01	5.951100E-02	1.708735E-08	2.857927E-09
8.587020E-01	6.861054E+00	3.443013E+01	4.606195E-02	1.814881E-08	3.085213E-09
8.796459E-01	8.791359E+00	3.549511E+01	6.861545E-02	1.999500E-08	3.346552E-09
9.005899E-01	7.956721E+00	3.428020E+01	7.086686E-02	2.163530E-08	3.527796E-09
9.215338E-01	6.158182E+00	3.411654E+01	6.902623E-02	2.341452E-08	3.784677E-09
9.424778E-01	6.578616E+00	3.329125E+01	4.945310E-02	2.520571E-08	4.067332E-09
9.634217E-01	8.594621E+00	3.328219E+01	6.800889E-02	2.689086E-08	4.384797E-09
9.843657E-01	8.898523E+00	3.316930E+01	4.232301E-02	2.892777E-08	4.562736E-09
1.005310E+00	1.028166E+01	3.263771E+01	6.522667E-02	3.156820E-08	4.951684E-09
1.026254E+00	7.205422E+00	3.217144E+01	4.251788E-02	3.307518E-08	5.255107E-09
1.047198E+00	7.303842E+00	3.160082E+01	4.035001E-02	3.520478E-08	5.575826E-09
1.068142E+00	8.134384E+00	3.036040E+01	5.602483E-02	3.781992E-08	6.021832E-09
1.089085E+00	7.807259E+00	3.111045E+01	5.821698E-02	3.993745E-08	6.327720E-09
1.110029E+00	7.190357E+00	3.052312E+01	5.779965E-02	4.252758E-08	6.616897E-09
1.130973E+00	7.103455E+00	2.980806E+01	5.234029E-02	4.606681E-08	7.100120E-09
1.151917E+00	7.027893E+00	2.998744E+01	5.312581E-02	4.797956E-08	7.420242E-09
1.172861E+00	6.594902E+00	2.892271E+01	4.539472E-02	5.137100E-08	7.947397E-09
1.193805E+00	7.295244E+00	2.911381E+01	4.246210E-02	5.383053E-08	8.216979E-09
1.214749E+00	6.381345E+00	2.839086E+01	5.838953E-02	5.729831E-08	8.735423E-09
1.235693E+00	8.686881E+00	2.807655E+01	5.113579E-02	6.062664E-08	9.286152E-09
1.256637E+00	7.376110E+00	2.795287E+01	5.954517E-02	6.380547E-08	9.665832E-09
1.277581E+00	6.260673E+00	2.766503E+01	3.687367E-02	6.599114E-08	1.027348E-08
1.298525E+00	8.601379E+00	2.745675E+01	5.859841E-02	7.004660E-08	1.073818E-08
1.319469E+00	7.768814E+00	2.710072E+01	5.788386E-02	7.377547E-08	1.132409E-08
1.340413E+00	8.823335E+00	2.718531E+01	3.449052E-02	7.701719E-08	1.185768E-08
1.361357E+00	7.042102E+00	2.677898E+01	6.789696E-02	8.173619E-08	1.227187E-08
1.382301E+00	8.194332E+00	2.654551E+01	5.115227E-02	8.481866E-08	1.302623E-08
1.403245E+00	7.743932E+00	2.559786E+01	6.330248E-02	8.898835E-08	1.339115E-08
1.424189E+00	9.613383E+00	2.563212E+01	4.624979E-02	9.328502E-08	1.417320E-08
1.445133E+00	8.832156E+00	2.525349E+01	5.204945E-02	9.686361E-08	1.469833E-08
1.466077E+00	7.923491E+00	2.481817E+01	5.741944E-02	1.018355E-07	1.530353E-08
1.487021E+00	9.876986E+00	2.509247E+01	4.040979E-02	1.069646E-07	1.615354E-08
1.507964E+00	9.290636E+00	2.459687E+01	4.879515E-02	1.117232E-07	1.685345E-08
1.528908E+00	9.033231E+00	2.449496E+01	3.981693E-02	1.156290E-07	1.750569E-08
1.549852E+00	9.871908E+00	2.411082E+01	4.315412E-02	1.206340E-07	1.827389E-08
1.570796E+00	9.028971E+00	2.417382E+01	4.740062E-02	1.245325E-07	1.894682E-08
1.591740E+00	9.525129E+00	2.345141E+01	4.128932E-02	1.314338E-07	1.977087E-08
1.612684E+00	1.020102E+01	2.372441E+01	4.549897E-02	1.350718E-07	2.066032E-08
1.633628E+00	1.121672E+01	2.308987E+01	5.648583E-02	1.426294E-07	2.134889E-08
1.654572E+00	1.126228E+01	2.305080E+01	5.392916E-02	1.472636E-07	2.237947E-08
1.675516E+00	1.011105E+01	2.299335E+01	5.182283E-02	1.530219E-07	2.321407E-08
1.696460E+00	1.141927E+01	2.260153E+01	5.433177E-02	1.587108E-07	2.443184E-08
1.717404E+00	1.115992E+01	2.267315E+01	6.992604E-02	1.645338E-07	2.491696E-08
1.738348E+00	1.170030E+01	2.252560E+01	5.662774E-02	1.720250E-07	2.600126E-08
1.759292E+00	1.160700E+01	2.211268E+01	6.360466E-02	1.770367E-07	2.691217E-08
1.780236E+00	1.141088E+01	2.182917E+01	3.526711E-02	1.841728E-07	2.792619E-08
1.801180E+00	1.266900E+01	2.154143E+01	5.790513E-02	1.896442E-07	2.907658E-08
1.822124E+00	1.289574E+01	2.138552E+01	5.430985E-02	1.971569E-07	2.984986E-08
1.843068E+00	1.218477E+01	2.144135E+01	6.888239E-02	2.075961E-07	3.096867E-08
1.864012E+00	1.329979E+01	2.148309E+01	6.996662E-02	2.130417E-07	3.213174E-08
1.884956E+00	1.427740E+01	2.120367E+01	4.901520E-02	2.203930E-07	3.321825E-08
1.905900E+00	1.393047E+01	2.106125E+01	5.519842E-02	2.263664E-07	3.445044E-08
1.926843E+00	1.468218E+01	2.086738E+01	5.214212E-02	2.353219E-07	3.581420E-08
1.947787E+00	1.498017E+01	2.073959E+01	5.671318E-02	2.461224E-07	3.675603E-08
1.968731E+00	1.564182E+01	2.075817E+01	5.023220E-02	2.529547E-07	3.805061E-08
1.989675E+00	1.635070E+01	2.059305E+01	8.112726E-02	2.608224E-07	3.971442E-08
2.010619E+00	1.770775E+01	2.066840E+01	6.152723E-02	2.721096E-07	4.087104E-08
2.031563E+00	1.768569E+01	2.047147E+01	7.266151E-02	2.791112E-07	4.227718E-08
2.052507E+00	1.850002E+01	2.038324E+01	6.351804E-02	2.894326E-07	4.328500E-08
2.073451E+00	1.942254E+01	2.059717E+01	6.527917E-02	2.987603E-07	4.514860E-08
2.094395E+00	1.936430E+01	2.042876E+01	6.257490E-02	3.106733E-07	4.640241E-08
2.115339E+00	2.044247E+01	2.064335E+01	5.130223E-02	3.189727E-07	4.781273E-08
2.136283E+00	2.115197E+01	2.035885E+01	5.557040E-02	3.312579E-07	4.959922E-08
2.157227E+00	2.231847E+01	2.052898E+01	5.887717E-02	3.420957E-07	5.099821E-08
2.178171E+00	2.312197E+01	2.058250E+01	6.878881E-02	3.548100E-07	5.292763E-08
2.199115E+00	2.481133E+01	2.049963E+01	6.525564E-02	3.666227E-07	5.394070E-08
2.220059E+00	2.568217E+01	2.081401E+01	7.907686E-02	3.780070E-07	5.577356E-08
2.241003E+00	2.604965E+01	2.087683E+01	5.515919E-02	3.898920E-07	5.769003E-08
2.261947E+00	2.677220E+01	2.093586E+01	8.746752E-02	4.029359E-07	5.969481E-08
2.282891E+00	2.838491E+01	2.117353E+01	9.352071E-02	4.190190E-07	6.098373E-08
2.303835E+00	2.954639E+01	2.131097E+01	8.192323E-02	4.295549E-07	6.329504E-08
2.324779E+00	3.163475E+01	2.168457E+01	8.687283E-02	4.446246E-07	6.494788E-08
2.345723E+00	3.174643E+01	2.190344E+01	9.672988E-02	4.554194E-07	6.669719E-08
2.366666E+00	3.328562E+01	2.229796E+01	6.707286E-02	4.716285E-07	6.846552E-08
2.387610E+00	3.360885E+01	2.262408E+01	7.350407E-02	4.916614E-07	7.152835E-08
2.408554E+00	3.665287E+01	2.303805E+01	9.225783E-02	5.050262E-07	7.297922E-08
2.429498E+00	4.913648E+01	2.508606E+01	2.088179E-01	5.207638E-07	7.485592E-08
2.450442E+00	5.050002E+01	2.528133E+01	2.211941E-01	5.390182E-07	7.729378E-08
2.471386E+00	5.208995E+01	2.536358E+01	2.075703E-01	5.528205E-07	8.020799E-08
2.492330E+00	5.460237E+01	2.558996E+01	2.603063E-01	5.727859E-07	8.171337E-08
2.513274E+00	5.580955E+01	2.568214E+01	2.168956E-01	5.907658E-07	8.414908E-08
2.534218E+00	5.785456E+01	2.619266E+01	2.374290E-01	6.092243E-07	8.649892E-08
2.555162E+00	5.997796E+01	2.614696E+01	2.505363E-01	6.326391E-07	8.872617E-08
2.576106E+00	6.104258E+01	2.625712E+01	2.873172E-01	6.493085E-07	9.117721E-08
2.597050E+00	6.425569E+01	2.681015E+01	3.227546E-01	6.723375E-07	9.426333E-08
2.617994E+00	6.646085E+01	2.698578E+01	2.938603E-01	6.935155E-07	9.617614E-08
2.638938E+00	6.843731E+01	2.697994E+01	3.630756E-01	7.157519E-07	9.941395E-08
2.659882E+00	6.955404E+01	2.726818E+01	3.757718E-01	7.398806E-07	1.027577E-07
