4.188790E-02	3.313557E-01	3.329817E+00	4.859577E-31	1.355148E-13	3.294247E-13
6.283185E-02	-1.602286E+00	8.694736E+00	3.666572E-04	1.218737E-12	1.127945E-12
8.377580E-02	-3.304964E+00	1.789506E+01	4.886827E-03	5.002760E-12	3.214351E-12
1.047198E-01	1.285396E+00	1.793279E+01	2.307073E-02	1.139635E-11	5.339270E-12
1.256637E-01	4.001250E+00	2.148979E+01	3.864346E-02	2.604234E-11	9.168432E-12
1.466077E-01	6.772490E+00	2.511748E+01	2.174895E-02	5.013307E-11	1.477019E-11
1.675516E-01	4.759041E+00	2.843803E+01	5.149607E-02	8.488625E-11	2.442061E-11
1.884956E-01	7.407666E-01	2.956414E+01	1.941489E-02	1.331322E-10	3.223038E-11
2.094395E-01	-1.463433E+00	3.029978E+01	9.566722E-02	1.964811E-10	4.514378E-11
2.303835E-01	5.832428E+00	3.710435E+01	1.725780E-02	3.116522E-10	5.877525E-11
2.513274E-01	4.889328E+00	3.937028E+01	7.642298E-02	4.377467E-10	8.006806E-11
2.722714E-01	4.329559E+00	3.777971E+01	6.872234E-02	6.161945E-10	9.811806E-11
2.932153E-01	1.207564E+01	4.490644E+01	1.024313E-01	7.980707E-10	1.289262E-10
3.141593E-01	1.346433E+01	4.613475E+01	8.181231E-02	1.120041E-09	1.492163E-10
3.351032E-01	1.478913E+01	4.685264E+01	2.576101E-02	1.423101E-09	1.829448E-10
3.560472E-01	1.064008E+01	4.926787E+01	3.961511E-02	1.826774E-09	2.206751E-10
3.769911E-01	1.641212E+01	5.441196E+01	5.306300E-02	2.318736E-09	2.710073E-10
3.979351E-01	1.680799E+01	5.259046E+01	3.254050E-02	2.950095E-09	3.040329E-10
4.188790E-01	1.205995E+01	5.494263E+01	3.936429E-02	3.651443E-09	3.630340E-10
4.398230E-01	1.813847E+01	5.765895E+01	6.084796E-02	4.362476E-09	4.083423E-10
4.607669E-01	2.212783E+01	6.265622E+01	7.521286E-02	5.575109E-09	4.734008E-10
4.817109E-01	1.684812E+01	6.350098E+01	6.270304E-02	6.562078E-09	5.502273E-10
5.026548E-01	3.827205E+01	6.517913E+01	8.025612E-02	8.090360E-09	5.989497E-10
5.235988E-01	3.363426E+01	6.855679E+01	6.937110E-02	9.366340E-09	7.086486E-10
5.445427E-01	3.532303E+01	7.025867E+01	6.276923E-02	1.095913E-08	7.977674E-10
5.654867E-01	4.112996E+01	7.659994E+01	5.822407E-02	1.340988E-08	8.853890E-10
5.864306E-01	3.634429E+01	7.592953E+01	7.745501E-02	1.481509E-08	9.998718E-10
6.073746E-01	4.143534E+01	7.608116E+01	6.159340E-02	1.731751E-08	1.102723E-09
6.283185E-01	4.896036E+01	7.979139E+01	1.009188E-01	2.012161E-08	1.230855E-09
6.492625E-01	5.030644E+01	8.142326E+01	9.762391E-02	2.320391E-08	1.363670E-09
6.702064E-01	5.476125E+01	8.632266E+01	9.991101E-02	2.664333E-08	1.526119E-09
6.911504E-01	5.978996E+01	8.243972E+01	1.286970E-01	2.963385E-08	1.631019E-09
7.120943E-01	6.761939E+01	8.849187E+01	8.898831E-02	3.452809E-08	1.795010E-09
7.330383E-01	6.530298E+01	9.012640E+01	8.824073E-02	3.926589E-08	1.964852E-09
7.539822E-01	6.200953E+01	8.769055E+01	1.120814E-01	4.315840E-08	2.123581E-09
7.749262E-01	6.482651E+01	9.088510E+01	1.104356E-01	4.838668E-08	2.342964E-09
7.958701E-01	6.748516E+01	9.089957E+01	1.112124E-01	5.354307E-08	2.542681E-09
8.168141E-01	7.671473E+01	9.203784E+01	1.183524E-01	6.012068E-08	2.753176E-09
8.377580E-01	7.685122E+01	9.356899E+01	1.270066E-01	6.660906E-08	2.949216E-09
8.587020E-01	7.037382E+01	9.365103E+01	1.354428E-01	7.331881E-08	3.198280E-09
8.796459E-01	8.699069E+01	9.775586E+01	1.209370E-01	8.132757E-08	3.522357E-09
9.005899E-01	8.142480E+01	9.416417E+01	1.281927E-01	8.734278E-08	3.675469E-09
9.215338E-01	8.653140E+01	9.845148E+01	1.635900E-01	9.823937E-08	3.998266E-09
9.424778E-01	9.098611E+01	9.704097E+01	1.359466E-01	1.063354E-07	4.249412E-09
9.634217E-01	9.046871E+01	9.690757E+01	1.463639E-01	1.159716E-07	4.559118E-09
9.843657E-01	9.156546E+01	9.672128E+01	1.707332E-01	1.257486E-07	4.830518E-09
1.005310E+00	9.100333E+01	9.661521E+01	1.477825E-01	1.362046E-07	5.196812E-09
1.026254E+00	9.887777E+01	9.938093E+01	1.296044E-01	1.505858E-07	5.507096E-09
1.047198E+00	8.670556E+01	9.666623E+01	1.163659E-01	1.613962E-07	5.789792E-09
1.068142E+00	9.394408E+01	1.009967E+02	1.400150E-01	1.770876E-07	6.229037E-09
1.089085E+00	9.731117E+01	9.834718E+01	1.582152E-01	1.880567E-07	6.632773E-09
1.110029E+00	1.070460E+02	1.006383E+02	1.568541E-01	2.054839E-07	7.101989E-09
1.130973E+00	1.032691E+02	1.020667E+02	1.480451E-01	2.212449E-07	7.533957E-09
1.151917E+00	1.070409E+02	9.811326E+01	1.590221E-01	2.318728E-07	7.895394E-09
1.172861E+00	1.036210E+02	9.811118E+01	1.484381E-01	2.487541E-07	8.307513E-09
1.193805E+00	1.071354E+02	9.976046E+01	1.388324E-01	2.663715E-07	8.951959E-09
1.214749E+00	1.089618E+02	9.832036E+01	1.717007E-01	2.861317E-07	9.361522E-09
1.235693E+00	1.027811E+02	9.881228E+01	1.361590E-01	3.044973E-07	9.838518E-09
1.256637E+00	1.003665E+02	9.765050E+01	1.700315E-01	3.225504E-07	1.027233E-08
1.277581E+00	1.052124E+02	9.731715E+01	1.253489E-01	3.459848E-07	1.087941E-08
1.298525E+00	1.025734E+02	9.761531E+01	1.384231E-01	3.687952E-07	1.137995E-08
1.319469E+00	1.075765E+02	9.732967E+01	1.436476E-01	3.885055E-07	1.194421E-08
1.340413E+00	1.046376E+02	9.602085E+01	1.740035E-01	4.104642E-07	1.257389E-08
1.361357E+00	1.070884E+02	9.606179E+01	1.564365E-01	4.402635E-07	1.310680E-08
1.382301E+00	1.060499E+02	9.541485E+01	1.397973E-01	4.641924E-07	1.384957E-08
1.403245E+00	1.153252E+02	9.533553E+01	1.531602E-01	4.934931E-07	1.449046E-08
1.424189E+00	1.130804E+02	9.617151E+01	1.390814E-01	5.291840E-07	1.506055E-08
1.445133E+00	1.134678E+02	9.468179E+01	1.424746E-01	5.488567E-07	1.579706E-08
1.466077E+00	1.065160E+02	9.445175E+01	1.487043E-01	5.838469E-07	1.663685E-08
1.487021E+00	9.635773E+01	9.209496E+01	1.131451E-01	6.079185E-07	1.711980E-08
1.507964E+00	1.023997E+02	9.208638E+01	1.569086E-01	6.468392E-07	1.782448E-08
1.528908E+00	1.015331E+02	9.133632E+01	1.179051E-01	6.754054E-07	1.856384E-08
1.549852E+00	1.042525E+02	9.055712E+01	1.183879E-01	7.102896E-07	1.956255E-08
1.570796E+00	1.032700E+02	8.913625E+01	1.382958E-01	7.455428E-07	2.018024E-08
1.591740E+00	1.115728E+02	8.999358E+01	1.595841E-01	7.858463E-07	2.135641E-08
1.612684E+00	9.923528E+01	8.900632E+01	1.244278E-01	8.188177E-07	2.194416E-08
1.633628E+00	1.065021E+02	8.819548E+01	1.317881E-01	8.682209E-07	2.279368E-08
1.654572E+00	1.031028E+02	8.791631E+01	1.308794E-01	9.055498E-07	2.381864E-08
1.675516E+00	1.090416E+02	8.786544E+01	1.045036E-01	9.566383E-07	2.481479E-08
1.696460E+00	1.064408E+02	8.692227E+01	1.324957E-01	9.977126E-07	2.560225E-08
1.717404E+00	1.062555E+02	8.585055E+01	1.485321E-01	1.045171E-06	2.686940E-08
1.738348E+00	9.941199E+01	8.390417E+01	1.209443E-01	1.083468E-06	2.760851E-08
1.759292E+00	9.968905E+01	8.365709E+01	1.120767E-01	1.137376E-06	2.839638E-08
1.780236E+00	1.042306E+02	8.321816E+01	1.032360E-01	1.190560E-06	2.978989E-08
1.801180E+00	1.002590E+02	8.334540E+01	1.038611E-01	1.250754E-06	3.072956E-08
1.822124E+00	9.967577E+01	8.116047E+01	1.039797E-01	1.301107E-06	3.170006E-08
1.843068E+00	9.501057E+01	8.108184E+01	9.618496E-02	1.350271E-06	3.294598E-08
1.864012E+00	9.264929E+01	8.060333E+01	9.457245E-02	1.412491E-06	3.412346E-08
1.884956E+00	1.006256E+02	8.005835E+01	9.792793E-02	1.476380E-06	3.528936E-08
1.905900E+00	9.935581E+01	7.925585E+01	9.647295E-02	1.523765E-06	3.685626E-08
1.926843E+00	9.770825E+01	7.815067E+01	8.175058E-02	1.600496E-06	3.778820E-08
1.947787E+00	1.012855E+02	7.860761E+01	1.021196E-01	1.674831E-06	3.917585E-08
1.968731E+00	1.000816E+02	7.815082E+01	1.158335E-01	1.734898E-06	4.034469E-08
1.989675E+00	9.932739E+01	7.660248E+01	1.024310E-01	1.819173E-06	4.143254E-08
2.010619E+00	9.392985E+01	7.490495E+01	7.877647E-02	1.871164E-06	4.276707E-08
2.031563E+00	9.798692E+01	7.602669E+01	1.040761E-01	1.952225E-06	4.458859E-08
2.052507E+00	9.747940E+01	7.447211E+01	8.193273E-02	2.020477E-06	4.567688E-08
2.073451E+00	9.950218E+01	7.460799E+01	1.011747E-01	2.116257E-06	4.721140E-08
2.094395E+00	9.420554E+01	7.394025E+01	9.554430E-02	2.203538E-06	4.854607E-08
2.115339E+00	9.502168E+01	7.286130E+01	1.022878E-01	2.283224E-06	5.001594E-08
2.136283E+00	9.642497E+01	7.252448E+01	6.497273E-02	2.363768E-06	5.168123E-08
2.157227E+00	9.579677E+01	7.150088E+01	8.487292E-02	2.440329E-06	5.376437E-08
2.178171E+00	9.362822E+01	7.181114E+01	9.790231E-02	2.553748E-06	5.491197E-08
2.199115E+00	9.518335E+01	7.115323E+01	7.945863E-02	2.644195E-06	5.670097E-08
2.220059E+00	9.724063E+01	7.136682E+01	7.805236E-02	2.754874E-06	5.870768E-08
2.241003E+00	9.644608E+01	7.019639E+01	8.801073E-02	2.851607E-06	5.973286E-08
2.261947E+00	9.633623E+01	6.873611E+01	6.843294E-02	2.934344E-06	6.130686E-08
2.282891E+00	9.695277E+01	6.885768E+01	7.000141E-02	3.069807E-06	6.296776E-08
2.303835E+00	1.014516E+02	6.857840E+01	7.443490E-02	3.190413E-06	6.539954E-08
2.324779E+00	9.969472E+01	6.911467E+01	9.362480E-02	3.330318E-06	6.697657E-08
2.345723E+00	9.640077E+01	6.744482E+01	7.003372E-02	3.413398E-06	6.849876E-08
2.366666E+00	1.013398E+02	6.830369E+01	1.053987E-01	3.556662E-06	7.112001E-08
2.387610E+00	1.027695E+02	6.750274E+01	7.622863E-02	3.665995E-06	7.295814E-08
2.408554E+00	1.015250E+02	6.702954E+01	7.019190E-02	3.792150E-06	7.476288E-08
2.429498E+00	1.051853E+02	6.730029E+01	7.522429E-02	3.962472E-06	7.706486E-08
2.450442E+00	1.044483E+02	6.637388E+01	7.966542E-02	4.092114E-06	7.894610E-08
2.471386E+00	1.052409E+02	6.674914E+01	8.629029E-02	4.259440E-06	8.086267E-08
2.492330E+00	1.075106E+02	6.642304E+01	6.467137E-02	4.384934E-06	8.342626E-08
2.513274E+00	1.094354E+02	6.575510E+01	7.329051E-02	4.541717E-06	8.525777E-08
2.534218E+00	1.141570E+02	6.617482E+01	8.853017E-02	4.728169E-06	8.801551E-08
2.555162E+00	1.134260E+02	6.642722E+01	9.581777E-02	4.910448E-06	9.014426E-08
2.576106E+00	1.174682E+02	6.558848E+01	9.366846E-02	5.052961E-06	9.279460E-08
2.597050E+00	1.187710E+02	6.615641E+01	1.120842E-01	5.265543E-06	9.513283E-08
2.617994E+00	1.198257E+02	6.518873E+01	1.083908E-01	5.402917E-06	9.790011E-08
2.638938E+00	1.236515E+02	6.568573E+01	1.048117E-01	5.645759E-06	1.001467E-07
2.659882E+00	1.242074E+02	6.622364E+01	9.744427E-02	5.877674E-06	1.021780E-07
