4.188790E-02	3.011466E-01	3.082687E+00	1.364069E-30	1.248601E-13	3.314605E-13
6.283185E-02	-1.514050E+00	8.086498E+00	2.775800E-04	1.126332E-12	1.136373E-12
8.377580E-02	-3.027661E+00	1.644989E+01	4.563617E-03	4.624800E-12	3.194986E-12
1.047198E-01	1.262795E+00	1.665270E+01	2.265350E-02	1.048314E-11	5.375211E-12
1.256637E-01	3.865055E+00	2.005830E+01	3.505180E-02	2.415663E-11	9.189878E-12
1.466077E-01	6.521295E+00	2.373349E+01	1.962793E-02	4.730997E-11	1.482089E-11
1.675516E-01	5.043675E+00	2.691998E+01	5.615452E-02	8.012104E-11	2.461357E-11
1.884956E-01	9.633795E-01	2.820717E+01	1.673446E-02	1.257792E-10	3.237669E-11
2.094395E-01	-9.282285E-01	2.901877E+01	8.932364E-02	1.844188E-10	4.529480E-11
2.303835E-01	6.346262E+00	3.551776E+01	1.729975E-02	2.947362E-10	5.901350E-11
2.513274E-01	5.656858E+00	3.737172E+01	7.220025E-02	4.180492E-10	7.942344E-11
2.722714E-01	5.520650E+00	3.583489E+01	7.096665E-02	5.898240E-10	9.678919E-11
2.932153E-01	1.307052E+01	4.305082E+01	1.093427E-01	7.751678E-10	1.275317E-10
3.141593E-01	1.486311E+01	4.492188E+01	8.516112E-02	1.075750E-09	1.510975E-10
3.351032E-01	1.625578E+01	4.630437E+01	2.936508E-02	1.388213E-09	1.836000E-10
3.560472E-01	1.281139E+01	4.832838E+01	4.091014E-02	1.781187E-09	2.232947E-10
3.769911E-01	1.915623E+01	5.419579E+01	5.227460E-02	2.264001E-09	2.736288E-10
3.979351E-01	2.062397E+01	5.237051E+01	3.077755E-02	2.889622E-09	3.075251E-10
4.188790E-01	1.505953E+01	5.393394E+01	3.809521E-02	3.585858E-09	3.614945E-10
4.398230E-01	2.175379E+01	5.778919E+01	7.013103E-02	4.310664E-09	4.105989E-10
4.607669E-01	2.570255E+01	6.336957E+01	7.259049E-02	5.526678E-09	4.782298E-10
4.817109E-01	1.954533E+01	6.394167E+01	5.546712E-02	6.511025E-09	5.511463E-10
5.026548E-01	4.071897E+01	6.509724E+01	9.134403E-02	7.951455E-09	6.039402E-10
5.235988E-01	3.720588E+01	6.877543E+01	6.617882E-02	9.318917E-09	7.101509E-10
5.445427E-01	4.049815E+01	7.088313E+01	7.692835E-02	1.093318E-08	8.050006E-10
5.654867E-01	4.510635E+01	7.592942E+01	7.150743E-02	1.321456E-08	8.937610E-10
5.864306E-01	4.074201E+01	7.481345E+01	9.107141E-02	1.464926E-08	9.988050E-10
6.073746E-01	4.844007E+01	7.673677E+01	8.000894E-02	1.715339E-08	1.126655E-09
6.283185E-01	5.325168E+01	8.044759E+01	9.671333E-02	1.997031E-08	1.255048E-09
6.492625E-01	5.556460E+01	8.267981E+01	1.144939E-01	2.316437E-08	1.374095E-09
6.702064E-01	6.150435E+01	8.571345E+01	1.113076E-01	2.644327E-08	1.526339E-09
6.911504E-01	6.501604E+01	8.304567E+01	1.299186E-01	2.962703E-08	1.634379E-09
7.120943E-01	7.526897E+01	8.958562E+01	1.097221E-01	3.451429E-08	1.820218E-09
7.330383E-01	7.020858E+01	9.065198E+01	1.071339E-01	3.908207E-08	1.984239E-09
7.539822E-01	6.679280E+01	8.702941E+01	1.171275E-01	4.275371E-08	2.129714E-09
7.749262E-01	6.978971E+01	9.071769E+01	1.080757E-01	4.766192E-08	2.376365E-09
7.958701E-01	7.108738E+01	9.067399E+01	1.245302E-01	5.298696E-08	2.543652E-09
8.168141E-01	8.210187E+01	9.265023E+01	1.204354E-01	5.943956E-08	2.766895E-09
8.377580E-01	8.221865E+01	9.162216E+01	1.536394E-01	6.575443E-08	2.939792E-09
8.587020E-01	7.532637E+01	9.254747E+01	1.544242E-01	7.257405E-08	3.199984E-09
8.796459E-01	8.918637E+01	9.612106E+01	1.298248E-01	8.021490E-08	3.508986E-09
9.005899E-01	8.802761E+01	9.454102E+01	1.550576E-01	8.689388E-08	3.690352E-09
9.215338E-01	9.043211E+01	9.775120E+01	1.736552E-01	9.682371E-08	4.001749E-09
9.424778E-01	9.357050E+01	9.552881E+01	1.685798E-01	1.042983E-07	4.243694E-09
9.634217E-01	9.394892E+01	9.661174E+01	1.589465E-01	1.139303E-07	4.633543E-09
9.843657E-01	9.637150E+01	9.602791E+01	1.748814E-01	1.245761E-07	4.852206E-09
1.005310E+00	9.322635E+01	9.606536E+01	1.637136E-01	1.336884E-07	5.224326E-09
1.026254E+00	9.946761E+01	9.850253E+01	1.455527E-01	1.481943E-07	5.543132E-09
1.047198E+00	9.202652E+01	9.685407E+01	1.183029E-01	1.592947E-07	5.851628E-09
1.068142E+00	9.651232E+01	9.905316E+01	1.606143E-01	1.729902E-07	6.266146E-09
1.089085E+00	9.287072E+01	9.684346E+01	1.452802E-01	1.839326E-07	6.661956E-09
1.110029E+00	1.051782E+02	9.819859E+01	1.638598E-01	2.024852E-07	7.030159E-09
1.130973E+00	1.049338E+02	1.009903E+02	1.670705E-01	2.170372E-07	7.578302E-09
1.151917E+00	1.074420E+02	9.694618E+01	1.543628E-01	2.298014E-07	7.830949E-09
1.172861E+00	1.033165E+02	9.677005E+01	1.576856E-01	2.458732E-07	8.308404E-09
1.193805E+00	1.062265E+02	9.812978E+01	1.365073E-01	2.629066E-07	8.908273E-09
1.214749E+00	1.050882E+02	9.818713E+01	1.875139E-01	2.836167E-07	9.356210E-09
1.235693E+00	1.016135E+02	9.707363E+01	1.676276E-01	3.005069E-07	9.747575E-09
1.256637E+00	1.015136E+02	9.534098E+01	1.754642E-01	3.169419E-07	1.022225E-08
1.277581E+00	1.058465E+02	9.588306E+01	1.358276E-01	3.411415E-07	1.082776E-08
1.298525E+00	1.036084E+02	9.611571E+01	1.508677E-01	3.670795E-07	1.132433E-08
1.319469E+00	1.065118E+02	9.707558E+01	1.376764E-01	3.872419E-07	1.190246E-08
1.340413E+00	1.056884E+02	9.511811E+01	1.712235E-01	4.069931E-07	1.247667E-08
1.361357E+00	1.055175E+02	9.590867E+01	1.517819E-01	4.324394E-07	1.320172E-08
1.382301E+00	1.076949E+02	9.543363E+01	1.484125E-01	4.600065E-07	1.395543E-08
1.403245E+00	1.130183E+02	9.452588E+01	1.556519E-01	4.851675E-07	1.445265E-08
1.424189E+00	1.096323E+02	9.647280E+01	1.303716E-01	5.215110E-07	1.509801E-08
1.445133E+00	1.136655E+02	9.438732E+01	1.490585E-01	5.462547E-07	1.577452E-08
1.466077E+00	1.065514E+02	9.454345E+01	1.494369E-01	5.773738E-07	1.661358E-08
1.487021E+00	9.663637E+01	9.206520E+01	1.233554E-01	6.009436E-07	1.711276E-08
1.507964E+00	1.011358E+02	9.193651E+01	1.809176E-01	6.429294E-07	1.785677E-08
1.528908E+00	1.020564E+02	9.139346E+01	1.558841E-01	6.713988E-07	1.874891E-08
1.549852E+00	1.031570E+02	9.028716E+01	1.422468E-01	7.020511E-07	1.967753E-08
1.570796E+00	1.010335E+02	8.911976E+01	1.184726E-01	7.416147E-07	2.015870E-08
1.591740E+00	1.102574E+02	8.957444E+01	1.333756E-01	7.812625E-07	2.124295E-08
1.612684E+00	9.840962E+01	8.986483E+01	1.221597E-01	8.201405E-07	2.214624E-08
1.633628E+00	1.000552E+02	8.720869E+01	1.189944E-01	8.618686E-07	2.266885E-08
1.654572E+00	9.927064E+01	8.865377E+01	1.214185E-01	9.027474E-07	2.394122E-08
1.675516E+00	1.048482E+02	8.786745E+01	1.178816E-01	9.529569E-07	2.474869E-08
1.696460E+00	1.005522E+02	8.641470E+01	1.129550E-01	9.893675E-07	2.564310E-08
1.717404E+00	1.037553E+02	8.576326E+01	1.402024E-01	1.029402E-06	2.692866E-08
1.738348E+00	9.889594E+01	8.425269E+01	1.310670E-01	1.080856E-06	2.754017E-08
1.759292E+00	9.643797E+01	8.459486E+01	1.279023E-01	1.132704E-06	2.877339E-08
1.780236E+00	9.675244E+01	8.403000E+01	1.127360E-01	1.191465E-06	2.955850E-08
1.801180E+00	9.935384E+01	8.330184E+01	1.234162E-01	1.241438E-06	3.077587E-08
1.822124E+00	9.652987E+01	8.186452E+01	9.602331E-02	1.293482E-06	3.198298E-08
1.843068E+00	9.313583E+01	8.178715E+01	8.735014E-02	1.352677E-06	3.306422E-08
1.864012E+00	9.072281E+01	8.048130E+01	1.053847E-01	1.414627E-06	3.397885E-08
1.884956E+00	9.630877E+01	8.064444E+01	1.049013E-01	1.479394E-06	3.525602E-08
1.905900E+00	9.576389E+01	7.962966E+01	1.102849E-01	1.522620E-06	3.668924E-08
1.926843E+00	9.507905E+01	7.830678E+01	8.313714E-02	1.603711E-06	3.737524E-08
1.947787E+00	9.607889E+01	7.757714E+01	1.062238E-01	1.657887E-06	3.897255E-08
1.968731E+00	9.740032E+01	7.807852E+01	1.071071E-01	1.734835E-06	4.014229E-08
1.989675E+00	9.871294E+01	7.765796E+01	8.970531E-02	1.820252E-06	4.168020E-08
2.010619E+00	9.272388E+01	7.648469E+01	1.018048E-01	1.883175E-06	4.269639E-08
2.031563E+00	9.640660E+01	7.660121E+01	1.116458E-01	1.958937E-06	4.460664E-08
2.052507E+00	9.485864E+01	7.580349E+01	9.703404E-02	2.032461E-06	4.574399E-08
2.073451E+00	9.557649E+01	7.564329E+01	9.124717E-02	2.125495E-06	4.728118E-08
2.094395E+00	8.691500E+01	7.461381E+01	9.475671E-02	2.192456E-06	4.839293E-08
2.115339E+00	8.906534E+01	7.324944E+01	1.052616E-01	2.275731E-06	4.981331E-08
2.136283E+00	9.826589E+01	7.346970E+01	9.483571E-02	2.394598E-06	5.146851E-08
2.157227E+00	9.422254E+01	7.325630E+01	1.141965E-01	2.476403E-06	5.339897E-08
2.178171E+00	9.136767E+01	7.231102E+01	9.591319E-02	2.575691E-06	5.472684E-08
2.199115E+00	9.082109E+01	7.224252E+01	7.857822E-02	2.664432E-06	5.640551E-08
2.220059E+00	9.486769E+01	7.178864E+01	8.133899E-02	2.768014E-06	5.807892E-08
2.241003E+00	9.447582E+01	7.121707E+01	7.548898E-02	2.883493E-06	5.969629E-08
2.261947E+00	9.291909E+01	6.984335E+01	7.934830E-02	2.959657E-06	6.119362E-08
2.282891E+00	9.081406E+01	7.015405E+01	7.895459E-02	3.084623E-06	6.316567E-08
2.303835E+00	9.485541E+01	6.955831E+01	8.511102E-02	3.210367E-06	6.464733E-08
2.324779E+00	1.014525E+02	6.982013E+01	7.023672E-02	3.365340E-06	6.708594E-08
2.345723E+00	9.632980E+01	6.912810E+01	8.325994E-02	3.463874E-06	6.859336E-08
2.366666E+00	9.715860E+01	6.915555E+01	1.034107E-01	3.601549E-06	7.032047E-08
2.387610E+00	9.625658E+01	6.829815E+01	7.456890E-02	3.708502E-06	7.225898E-08
2.408554E+00	9.608744E+01	6.875857E+01	8.787870E-02	3.847073E-06	7.483017E-08
2.429498E+00	1.013467E+02	6.773445E+01	9.228307E-02	3.997248E-06	7.582966E-08
2.450442E+00	1.009475E+02	6.768042E+01	8.142652E-02	4.145323E-06	7.844421E-08
2.471386E+00	1.005703E+02	6.741746E+01	9.182713E-02	4.291603E-06	8.021021E-08
2.492330E+00	1.017625E+02	6.776593E+01	8.972265E-02	4.456297E-06	8.301559E-08
2.513274E+00	1.072422E+02	6.814673E+01	1.015604E-01	4.652242E-06	8.510867E-08
2.534218E+00	1.082193E+02	6.753765E+01	1.070353E-01	4.801036E-06	8.731562E-08
2.555162E+00	1.080104E+02	6.738229E+01	6.964153E-02	4.941719E-06	9.004682E-08
2.576106E+00	1.126888E+02	6.736825E+01	7.585120E-02	5.155056E-06	9.222727E-08
2.597050E+00	1.128334E+02	6.704409E+01	1.027084E-01	5.351890E-06	9.402545E-08
2.617994E+00	1.138843E+02	6.709341E+01	1.043041E-01	5.526582E-06	9.684035E-08
2.638938E+00	1.182906E+02	6.696425E+01	1.062281E-01	5.723899E-06	9.878453E-08
2.659882E+00	1.170991E+02	6.694878E+01	1.089561E-01	5.928044E-06	1.010411E-07
