4.188790E-02	2.374804E-01	1.894258E+00	1.072826E-30	1.658302E-16	3.268727E-13
6.283185E-02	-4.890935E-01	2.664882E+00	2.919383E-02	1.495761E-15	1.118281E-12
8.377580E-02	-1.719464E-01	3.830663E+00	1.311418E-02	6.042132E-15	3.268238E-12
1.047198E-01	-7.904333E-01	6.014857E+00	1.726212E-02	1.403645E-14	5.278643E-12
1.256637E-01	-2.131311E+00	4.879886E+00	6.957021E-02	3.217635E-14	9.163072E-12
1.466077E-01	-4.094074E-01	3.986096E+00	1.099798E-01	6.012239E-14	1.486138E-11
1.675516E-01	1.074667E+00	4.616547E+00	5.061479E-02	1.017434E-13	2.460202E-11
1.884956E-01	-3.477785E-01	3.898857E+00	1.857547E-02	1.568550E-13	3.153138E-11
2.094395E-01	1.164445E-01	3.977405E+00	3.435202E-02	2.352432E-13	4.436943E-11
2.303835E-01	-2.529290E-01	3.935795E+00	1.053950E-02	3.686897E-13	6.122327E-11
2.513274E-01	-8.110650E-02	3.274001E+00	9.981782E-02	4.978189E-13	7.940139E-11
2.722714E-01	-5.158979E-02	3.128358E+00	6.851323E-02	7.074012E-13	9.933454E-11
2.932153E-01	-1.408976E-01	2.827349E+00	5.447043E-02	9.107840E-13	1.329281E-10
3.141593E-01	1.549543E-02	2.817760E+00	3.094727E-02	1.212824E-12	1.529867E-10
3.351032E-01	1.239421E-01	2.721820E+00	5.201079E-02	1.538229E-12	1.800337E-10
3.560472E-01	3.556516E-01	2.460325E+00	7.177462E-02	1.993525E-12	2.305519E-10
3.769911E-01	-7.257964E-03	2.504647E+00	3.489376E-02	2.479997E-12	2.601055E-10
3.979351E-01	9.220315E-02	2.234485E+00	5.630840E-02	3.001829E-12	3.085741E-10
4.188790E-01	5.632921E-02	2.061128E+00	7.379084E-02	3.780154E-12	3.562302E-10
4.398230E-01	9.620371E-02	2.147298E+00	4.884605E-02	4.281778E-12	4.055577E-10
4.607669E-01	3.027644E-01	1.987905E+00	5.759338E-02	5.339703E-12	4.739765E-10
4.817109E-01	3.129390E-01	2.021626E+00	2.824000E-02	6.258719E-12	5.618841E-10
5.026548E-01	8.793946E-02	1.786270E+00	7.151176E-02	7.190701E-12	6.090974E-10
5.235988E-01	2.768795E-02	1.716258E+00	4.097955E-02	8.451045E-12	6.813428E-10
5.445427E-01	9.545243E-02	1.795405E+00	6.183242E-02	9.687100E-12	7.923049E-10
5.654867E-01	8.045999E-02	1.738345E+00	4.263174E-02	1.115950E-11	8.812822E-10
5.864306E-01	1.773923E-01	1.614633E+00	4.755333E-02	1.269019E-11	9.756094E-10
6.073746E-01	2.872136E-01	1.641133E+00	5.407916E-02	1.394998E-11	1.089021E-09
6.283185E-01	3.249479E-01	1.557630E+00	5.930607E-02	1.640835E-11	1.203064E-09
6.492625E-01	3.921121E-01	1.517839E+00	4.154435E-02	1.790267E-11	1.345779E-09
6.702064E-01	3.534432E-01	1.502188E+00	5.985502E-02	2.044430E-11	1.489610E-09
6.911504E-01	2.133482E-01	1.367354E+00	5.474876E-02	2.244623E-11	1.596366E-09
7.120943E-01	2.056341E-01	1.400759E+00	7.752365E-02	2.560794E-11	1.779302E-09
7.330383E-01	3.402006E-01	1.367270E+00	4.501318E-02	2.847717E-11	1.916802E-09
7.539822E-01	3.517747E-01	1.333780E+00	4.875520E-02	3.052738E-11	2.049736E-09
7.749262E-01	3.792964E-01	1.333378E+00	5.944353E-02	3.400720E-11	2.253281E-09
7.958701E-01	3.300871E-01	1.265033E+00	4.944508E-02	3.755562E-11	2.444209E-09
8.168141E-01	2.453624E-01	1.202663E+00	5.394588E-02	4.021860E-11	2.648434E-09
8.377580E-01	3.722620E-01	1.255332E+00	6.583492E-02	4.477891E-11	2.858812E-09
8.587020E-01	2.660884E-01	1.172400E+00	6.527934E-02	4.778158E-11	3.083535E-09
8.796459E-01	2.929097E-01	1.189135E+00	8.272469E-02	5.270529E-11	3.347454E-09
9.005899E-01	2.365620E-01	1.170796E+00	7.234417E-02	5.699250E-11	3.509368E-09
9.215338E-01	2.017144E-01	1.139009E+00	3.981828E-02	6.131489E-11	3.770850E-09
9.424778E-01	3.957352E-01	1.154774E+00	4.472224E-02	6.632274E-11	4.073832E-09
9.634217E-01	2.460649E-01	1.126116E+00	6.204226E-02	7.016982E-11	4.394614E-09
9.843657E-01	3.001103E-01	1.114843E+00	7.990436E-02	7.555588E-11	4.594927E-09
1.005310E+00	4.820371E-01	1.111684E+00	4.671101E-02	8.225453E-11	4.951417E-09
1.026254E+00	4.642488E-01	1.092716E+00	6.290238E-02	8.681420E-11	5.279633E-09
1.047198E+00	4.484336E-01	1.081449E+00	8.414711E-02	9.217334E-11	5.632265E-09
1.068142E+00	4.766167E-01	1.061540E+00	6.280794E-02	9.903097E-11	5.945588E-09
1.089085E+00	4.749160E-01	1.067695E+00	8.173276E-02	1.041490E-10	6.268638E-09
1.110029E+00	5.266931E-01	1.050865E+00	8.615123E-02	1.113709E-10	6.625807E-09
1.130973E+00	5.430440E-01	1.048055E+00	5.532898E-02	1.196696E-10	7.124358E-09
1.151917E+00	5.962049E-01	1.022456E+00	1.201794E-01	1.246914E-10	7.328939E-09
1.172861E+00	6.394109E-01	1.036422E+00	8.510369E-02	1.344019E-10	7.875497E-09
1.193805E+00	6.259700E-01	9.950570E-01	9.271608E-02	1.405678E-10	8.238940E-09
1.214749E+00	5.934651E-01	9.789822E-01	5.622961E-02	1.502388E-10	8.730026E-09
1.235693E+00	6.160869E-01	9.619405E-01	7.260331E-02	1.577026E-10	9.205183E-09
1.256637E+00	5.393052E-01	9.681461E-01	1.066373E-01	1.658426E-10	9.718070E-09
1.277581E+00	5.709266E-01	9.369624E-01	6.649052E-02	1.720573E-10	1.019629E-08
1.298525E+00	5.708038E-01	9.163631E-01	4.829236E-02	1.824745E-10	1.069647E-08
1.319469E+00	5.316096E-01	9.058115E-01	6.816399E-02	1.892494E-10	1.129666E-08
1.340413E+00	6.069436E-01	9.148920E-01	8.325512E-02	1.993842E-10	1.177612E-08
1.361357E+00	5.981708E-01	8.900948E-01	7.680697E-02	2.108905E-10	1.219634E-08
1.382301E+00	5.491962E-01	8.768663E-01	8.649628E-02	2.174943E-10	1.301853E-08
1.403245E+00	5.590168E-01	8.614392E-01	5.966876E-02	2.281345E-10	1.353526E-08
1.424189E+00	5.575228E-01	8.735351E-01	9.831580E-02	2.392402E-10	1.408689E-08
1.445133E+00	5.390694E-01	8.473311E-01	9.527491E-02	2.477847E-10	1.465032E-08
1.466077E+00	5.413454E-01	8.391510E-01	1.222595E-01	2.602953E-10	1.523003E-08
1.487021E+00	5.737814E-01	8.293566E-01	9.756610E-02	2.718251E-10	1.623927E-08
1.507964E+00	5.301749E-01	8.156765E-01	1.123076E-01	2.825753E-10	1.661935E-08
1.528908E+00	5.525052E-01	8.066004E-01	9.432547E-02	2.919675E-10	1.757147E-08
1.549852E+00	5.846960E-01	8.006282E-01	6.458620E-02	3.047630E-10	1.807331E-08
1.570796E+00	5.773459E-01	7.840683E-01	9.623557E-02	3.156367E-10	1.877088E-08
1.591740E+00	5.841325E-01	7.833076E-01	7.833885E-02	3.282302E-10	1.983885E-08
1.612684E+00	5.989308E-01	7.626306E-01	6.816020E-02	3.373597E-10	2.065932E-08
1.633628E+00	6.044722E-01	7.590540E-01	7.001816E-02	3.551192E-10	2.127808E-08
1.654572E+00	5.940070E-01	7.512948E-01	7.743980E-02	3.662387E-10	2.217796E-08
1.675516E+00	6.085413E-01	7.575981E-01	1.073756E-01	3.789423E-10	2.310357E-08
1.696460E+00	6.117779E-01	7.386817E-01	8.169260E-02	3.888691E-10	2.393864E-08
1.717404E+00	6.096419E-01	7.353817E-01	6.123795E-02	4.052047E-10	2.486044E-08
1.738348E+00	6.508605E-01	7.261252E-01	8.229968E-02	4.210470E-10	2.582384E-08
1.759292E+00	6.920466E-01	7.223051E-01	6.998137E-02	4.315872E-10	2.678078E-08
1.780236E+00	7.390068E-01	7.190861E-01	8.380004E-02	4.505668E-10	2.782002E-08
1.801180E+00	6.648556E-01	6.915144E-01	6.930028E-02	4.610064E-10	2.897046E-08
1.822124E+00	7.431667E-01	6.993087E-01	1.046357E-01	4.747417E-10	3.012352E-08
1.843068E+00	7.180212E-01	6.971180E-01	9.652211E-02	4.926131E-10	3.074525E-08
1.864012E+00	7.501088E-01	6.912751E-01	9.779341E-02	5.082899E-10	3.200196E-08
1.884956E+00	7.584030E-01	6.976473E-01	1.107524E-01	5.249177E-10	3.311955E-08
1.905900E+00	7.531829E-01	6.956920E-01	1.412900E-01	5.375720E-10	3.421724E-08
1.926843E+00	8.169006E-01	6.877554E-01	1.093326E-01	5.558999E-10	3.537354E-08
1.947787E+00	8.021245E-01	6.858668E-01	9.938277E-02	5.764070E-10	3.678798E-08
1.968731E+00	8.303514E-01	6.913205E-01	9.735372E-02	5.920495E-10	3.802345E-08
1.989675E+00	8.721192E-01	6.918462E-01	1.401988E-01	6.069573E-10	3.923936E-08
2.010619E+00	9.449695E-01	6.973793E-01	1.423478E-01	6.232299E-10	4.036059E-08
2.031563E+00	9.388765E-01	6.924986E-01	1.274299E-01	6.416347E-10	4.154712E-08
2.052507E+00	9.760906E-01	6.974291E-01	1.469352E-01	6.595800E-10	4.285388E-08
2.073451E+00	1.008486E+00	6.994486E-01	1.422296E-01	6.788940E-10	4.439516E-08
2.094395E+00	1.023435E+00	7.083307E-01	1.737394E-01	7.013491E-10	4.570826E-08
2.115339E+00	1.068851E+00	7.104335E-01	1.388245E-01	7.184375E-10	4.703956E-08
2.136283E+00	1.093403E+00	7.161764E-01	1.373283E-01	7.390932E-10	4.865318E-08
2.157227E+00	1.119055E+00	7.194934E-01	1.293438E-01	7.615458E-10	5.008057E-08
2.178171E+00	1.162132E+00	7.186822E-01	1.712533E-01	7.848541E-10	5.206991E-08
2.199115E+00	1.194951E+00	7.365510E-01	1.612270E-01	8.096552E-10	5.316303E-08
2.220059E+00	1.247579E+00	7.443618E-01	1.780547E-01	8.305784E-10	5.530571E-08
2.241003E+00	1.309940E+00	7.529267E-01	1.932390E-01	8.484340E-10	5.667249E-08
2.261947E+00	1.366692E+00	7.617421E-01	1.972881E-01	8.720744E-10	5.866133E-08
2.282891E+00	1.445952E+00	7.795112E-01	1.917016E-01	8.998407E-10	6.022717E-08
2.303835E+00	1.473257E+00	7.826151E-01	2.259164E-01	9.257187E-10	6.196687E-08
2.324779E+00	1.510246E+00	7.832113E-01	1.704299E-01	9.504048E-10	6.384409E-08
2.345723E+00	1.544626E+00	7.966568E-01	2.340988E-01	9.760280E-10	6.496368E-08
2.366666E+00	1.633177E+00	8.025914E-01	2.166257E-01	1.008534E-09	6.753933E-08
2.387610E+00	1.721290E+00	8.091769E-01	2.364417E-01	1.028854E-09	6.914294E-08
2.408554E+00	1.793469E+00	8.262232E-01	2.949114E-01	1.064701E-09	7.129863E-08
2.429498E+00	1.926956E+00	8.445833E-01	3.548153E-01	1.101421E-09	7.381851E-08
2.450442E+00	1.993712E+00	8.550253E-01	4.655889E-01	1.131278E-09	7.566949E-08
2.471386E+00	2.093038E+00	8.626741E-01	5.075191E-01	1.160201E-09	7.756542E-08
2.492330E+00	2.154673E+00	8.678334E-01	6.164125E-01	1.198250E-09	8.028758E-08
2.513274E+00	2.242054E+00	8.786743E-01	6.185056E-01	1.230429E-09	8.140063E-08
2.534218E+00	2.347195E+00	8.878384E-01	6.593063E-01	1.270517E-09	8.482266E-08
2.555162E+00	2.391005E+00	8.848331E-01	6.192487E-01	1.301857E-09	8.740251E-08
2.576106E+00	2.486235E+00	8.970188E-01	6.604867E-01	1.333330E-09	8.919321E-08
2.597050E+00	2.531349E+00	9.150176E-01	7.682567E-01	1.375281E-09	9.203131E-08
2.617994E+00	2.563375E+00	9.108490E-01	7.904228E-01	1.408821E-09	9.485224E-08
2.638938E+00	2.655475E+00	9.163693E-01	8.185380E-01	1.454596E-09	9.691059E-08
2.659882E+00	2.681480E+00	9.251733E-01	8.489758E-01	1.504538E-09	9.914819E-08
