4.188790E-02	1.029003E+00	1.769374E+01	5.241639E-31	1.111150E-13	3.269418E-13
6.283185E-02	-6.218157E+00	3.339337E+01	6.495988E-03	1.000815E-12	1.118668E-12
8.377580E-02	-6.282723E+00	5.339367E+01	1.128510E-02	4.067491E-12	3.256953E-12
1.047198E-01	9.628434E+00	5.368994E+01	2.741309E-02	9.415349E-12	5.288951E-12
1.256637E-01	5.798257E+00	7.064691E+01	3.743180E-02	2.149544E-11	9.198056E-12
1.466077E-01	1.858872E+01	7.764350E+01	9.025845E-02	4.012261E-11	1.489035E-11
1.675516E-01	1.060104E+01	7.661126E+01	2.031392E-02	6.800376E-11	2.456480E-11
1.884956E-01	3.783733E+00	7.017160E+01	1.806935E-02	1.050299E-10	3.144850E-11
2.094395E-01	-8.797773E+00	6.409870E+01	8.527134E-02	1.570239E-10	4.429495E-11
2.303835E-01	8.148533E+00	6.779486E+01	3.106300E-02	2.463573E-10	6.104235E-11
2.513274E-01	9.842662E+00	6.719511E+01	6.880489E-02	3.328496E-10	7.933350E-11
2.722714E-01	6.489502E+00	7.445850E+01	6.401458E-02	4.711162E-10	9.925336E-11
2.932153E-01	4.768609E+00	7.196118E+01	3.115562E-02	6.045228E-10	1.327292E-10
3.141593E-01	7.700004E+00	7.254960E+01	7.635606E-02	8.078474E-10	1.526598E-10
3.351032E-01	8.477441E+00	6.968894E+01	2.821792E-02	1.019782E-09	1.815790E-10
3.560472E-01	7.004217E+00	6.365664E+01	4.696962E-02	1.323189E-09	2.273085E-10
3.769911E-01	2.069672E+00	6.578075E+01	2.999612E-02	1.638676E-09	2.612045E-10
3.979351E-01	1.363206E+01	6.432251E+01	1.844787E-02	1.990197E-09	3.070148E-10
4.188790E-01	1.622266E+01	6.662035E+01	6.452594E-02	2.491064E-09	3.610284E-10
4.398230E-01	9.925888E+00	6.029373E+01	4.487228E-02	2.827511E-09	4.022132E-10
4.607669E-01	3.350602E+00	5.988404E+01	4.020315E-02	3.517984E-09	4.734634E-10
4.817109E-01	1.286734E+01	5.893859E+01	3.842097E-02	4.131689E-09	5.581958E-10
5.026548E-01	8.944612E+00	5.942732E+01	4.928111E-02	4.775081E-09	6.053420E-10
5.235988E-01	7.575743E+00	5.662176E+01	5.170721E-02	5.570207E-09	6.831860E-10
5.445427E-01	6.804268E+00	5.829993E+01	3.152889E-02	6.339069E-09	7.880916E-10
5.654867E-01	5.901178E+00	5.244370E+01	5.752706E-02	7.349817E-09	8.836864E-10
5.864306E-01	5.411981E+00	5.360443E+01	4.989826E-02	8.305523E-09	9.718864E-10
6.073746E-01	1.219409E+01	5.538077E+01	4.639460E-02	9.171754E-09	1.095931E-09
6.283185E-01	5.555027E+00	5.281242E+01	3.957828E-02	1.075789E-08	1.204724E-09
6.492625E-01	2.573440E+00	5.261991E+01	5.297256E-02	1.182841E-08	1.341934E-09
6.702064E-01	5.201882E-01	4.937640E+01	5.173869E-02	1.341727E-08	1.488580E-09
6.911504E-01	1.071706E+01	5.104469E+01	4.563874E-02	1.463264E-08	1.614452E-09
7.120943E-01	4.834406E+00	4.915879E+01	7.537664E-02	1.669939E-08	1.785174E-09
7.330383E-01	8.331464E+00	5.117766E+01	5.433069E-02	1.870453E-08	1.917840E-09
7.539822E-01	4.616320E+00	5.079099E+01	5.049576E-02	2.002295E-08	2.042986E-09
7.749262E-01	7.859334E+00	4.897960E+01	3.816302E-02	2.211879E-08	2.255517E-09
7.958701E-01	5.612613E+00	4.814702E+01	8.114992E-02	2.446539E-08	2.464388E-09
8.168141E-01	8.848471E+00	4.813465E+01	4.764960E-02	2.631762E-08	2.642725E-09
8.377580E-01	1.355611E+01	5.075254E+01	3.848276E-02	2.922210E-08	2.847400E-09
8.587020E-01	6.523462E+00	4.618611E+01	4.986244E-02	3.120097E-08	3.082684E-09
8.796459E-01	1.109569E+01	4.740110E+01	5.186726E-02	3.441271E-08	3.346906E-09
9.005899E-01	9.410467E+00	4.594374E+01	5.498721E-02	3.712338E-08	3.529550E-09
9.215338E-01	9.199307E+00	4.522139E+01	5.745205E-02	4.021313E-08	3.786274E-09
9.424778E-01	8.739495E+00	4.504602E+01	4.393711E-02	4.315337E-08	4.069007E-09
9.634217E-01	9.443489E+00	4.475787E+01	4.383415E-02	4.616503E-08	4.371573E-09
9.843657E-01	1.070114E+01	4.315921E+01	3.821381E-02	4.981702E-08	4.564647E-09
1.005310E+00	1.261907E+01	4.463740E+01	7.170522E-02	5.434205E-08	4.938758E-09
1.026254E+00	4.931715E+00	4.332168E+01	4.538312E-02	5.667546E-08	5.247993E-09
1.047198E+00	8.767130E+00	4.334168E+01	3.912874E-02	6.068115E-08	5.572872E-09
1.068142E+00	6.666018E+00	4.253996E+01	4.837039E-02	6.497062E-08	6.030544E-09
1.089085E+00	1.076617E+01	4.252696E+01	3.849461E-02	6.888128E-08	6.306766E-09
1.110029E+00	1.232597E+01	4.169914E+01	5.260729E-02	7.319032E-08	6.609454E-09
1.130973E+00	9.257260E+00	4.174587E+01	5.498680E-02	7.954048E-08	7.095585E-09
1.151917E+00	1.124889E+01	4.070204E+01	6.180616E-02	8.239858E-08	7.451756E-09
1.172861E+00	8.476533E+00	4.041887E+01	4.275639E-02	8.861724E-08	7.919399E-09
1.193805E+00	9.092771E+00	4.035659E+01	5.394808E-02	9.309435E-08	8.272143E-09
1.214749E+00	1.067835E+01	3.973739E+01	5.978953E-02	9.873223E-08	8.694371E-09
1.235693E+00	9.646696E+00	3.880617E+01	5.761680E-02	1.044422E-07	9.268436E-09
1.256637E+00	8.844395E+00	3.902244E+01	6.047095E-02	1.096330E-07	9.662742E-09
1.277581E+00	9.677058E+00	3.821178E+01	4.639022E-02	1.141621E-07	1.024111E-08
1.298525E+00	1.187291E+01	3.847579E+01	5.586363E-02	1.215602E-07	1.077361E-08
1.319469E+00	8.507046E+00	3.753670E+01	5.198033E-02	1.274630E-07	1.127526E-08
1.340413E+00	1.187101E+01	3.766001E+01	6.466348E-02	1.339818E-07	1.186744E-08
1.361357E+00	1.010397E+01	3.679541E+01	6.915127E-02	1.422593E-07	1.227112E-08
1.382301E+00	1.082724E+01	3.673925E+01	5.006144E-02	1.472587E-07	1.295623E-08
1.403245E+00	1.014406E+01	3.550594E+01	6.540303E-02	1.550304E-07	1.343001E-08
1.424189E+00	1.143875E+01	3.521964E+01	4.607454E-02	1.615174E-07	1.414814E-08
1.445133E+00	1.151497E+01	3.538659E+01	4.882230E-02	1.683525E-07	1.460960E-08
1.466077E+00	1.076504E+01	3.490175E+01	4.703441E-02	1.767081E-07	1.538146E-08
1.487021E+00	1.219558E+01	3.500670E+01	4.347374E-02	1.867054E-07	1.609269E-08
1.507964E+00	1.132081E+01	3.423360E+01	4.591024E-02	1.950036E-07	1.686092E-08
1.528908E+00	1.237061E+01	3.398566E+01	4.158760E-02	2.020096E-07	1.743908E-08
1.549852E+00	1.178293E+01	3.345198E+01	4.742832E-02	2.123160E-07	1.815631E-08
1.570796E+00	1.277239E+01	3.351617E+01	6.906997E-02	2.171948E-07	1.885995E-08
1.591740E+00	1.251301E+01	3.299382E+01	4.797685E-02	2.289575E-07	1.986730E-08
1.612684E+00	1.270663E+01	3.309457E+01	4.529489E-02	2.381645E-07	2.061752E-08
1.633628E+00	1.286867E+01	3.182849E+01	6.064046E-02	2.522404E-07	2.147156E-08
1.654572E+00	1.202218E+01	3.201887E+01	4.613833E-02	2.598187E-07	2.254669E-08
1.675516E+00	1.379447E+01	3.203719E+01	6.655516E-02	2.692255E-07	2.320150E-08
1.696460E+00	1.500069E+01	3.172404E+01	4.501118E-02	2.800719E-07	2.427622E-08
1.717404E+00	1.474871E+01	3.159455E+01	6.097764E-02	2.887013E-07	2.500693E-08
1.738348E+00	1.595838E+01	3.113354E+01	4.705234E-02	3.036379E-07	2.608514E-08
1.759292E+00	1.531868E+01	3.085665E+01	6.222062E-02	3.149021E-07	2.684684E-08
1.780236E+00	1.374623E+01	3.041806E+01	4.553103E-02	3.278433E-07	2.780039E-08
1.801180E+00	1.682380E+01	3.049049E+01	5.522811E-02	3.383171E-07	2.923732E-08
1.822124E+00	1.745460E+01	3.029149E+01	5.623302E-02	3.527404E-07	3.002039E-08
1.843068E+00	1.716497E+01	3.049612E+01	5.524849E-02	3.691490E-07	3.115548E-08
1.864012E+00	1.658549E+01	3.025446E+01	5.192374E-02	3.779045E-07	3.242269E-08
1.884956E+00	1.891676E+01	2.986155E+01	6.387256E-02	3.928791E-07	3.329662E-08
1.905900E+00	1.875436E+01	2.929836E+01	5.688652E-02	4.066141E-07	3.454989E-08
1.926843E+00	1.881830E+01	2.919993E+01	5.054251E-02	4.200055E-07	3.603339E-08
1.947787E+00	2.060281E+01	2.905770E+01	5.510176E-02	4.406796E-07	3.700316E-08
1.968731E+00	2.069102E+01	2.863175E+01	5.403243E-02	4.520964E-07	3.837100E-08
1.989675E+00	2.155631E+01	2.881744E+01	6.003550E-02	4.701242E-07	3.970652E-08
2.010619E+00	2.218791E+01	2.880573E+01	6.726859E-02	4.889858E-07	4.088042E-08
2.031563E+00	2.441688E+01	2.863210E+01	5.205929E-02	5.020403E-07	4.296093E-08
2.052507E+00	2.458870E+01	2.858294E+01	7.165148E-02	5.250776E-07	4.386498E-08
2.073451E+00	2.472604E+01	2.836255E+01	5.220723E-02	5.382595E-07	4.539192E-08
2.094395E+00	2.544503E+01	2.803385E+01	6.730765E-02	5.590367E-07	4.667219E-08
2.115339E+00	2.774527E+01	2.839546E+01	6.358005E-02	5.764356E-07	4.829435E-08
2.136283E+00	2.822387E+01	2.849218E+01	5.878179E-02	5.979209E-07	4.946526E-08
2.157227E+00	2.795003E+01	2.826078E+01	3.946779E-02	6.170687E-07	5.119578E-08
2.178171E+00	3.005512E+01	2.836885E+01	6.655081E-02	6.406855E-07	5.278963E-08
2.199115E+00	3.106097E+01	2.843101E+01	5.601380E-02	6.610292E-07	5.456770E-08
2.220059E+00	3.303969E+01	2.869623E+01	7.692015E-02	6.853073E-07	5.641079E-08
2.241003E+00	3.462423E+01	2.865109E+01	5.838170E-02	7.069163E-07	5.811109E-08
2.261947E+00	3.612277E+01	2.870791E+01	9.315054E-02	7.309028E-07	5.995670E-08
2.282891E+00	3.704598E+01	2.919384E+01	7.476460E-02	7.573137E-07	6.202017E-08
2.303835E+00	3.853370E+01	2.934380E+01	7.794022E-02	7.832358E-07	6.345573E-08
2.324779E+00	4.178034E+01	2.955879E+01	8.715677E-02	8.145341E-07	6.539288E-08
2.345723E+00	4.068777E+01	2.969951E+01	7.661435E-02	8.324859E-07	6.671846E-08
2.366666E+00	4.122340E+01	3.019843E+01	6.465363E-02	8.631112E-07	6.958211E-08
2.387610E+00	4.310367E+01	3.078496E+01	7.395431E-02	8.963583E-07	7.148859E-08
2.408554E+00	4.549941E+01	3.154538E+01	1.030903E-01	9.232783E-07	7.335135E-08
2.429498E+00	6.858834E+01	3.462531E+01	2.384343E-01	9.579951E-07	7.562803E-08
2.450442E+00	6.863440E+01	3.465265E+01	1.822837E-01	9.855666E-07	7.761996E-08
2.471386E+00	7.157923E+01	3.562390E+01	1.731473E-01	1.018471E-06	7.998864E-08
2.492330E+00	7.243871E+01	3.527380E+01	2.339063E-01	1.055995E-06	8.217512E-08
2.513274E+00	7.510529E+01	3.590532E+01	1.815343E-01	1.084140E-06	8.449688E-08
2.534218E+00	7.701748E+01	3.619319E+01	2.283040E-01	1.119807E-06	8.698935E-08
2.555162E+00	7.989220E+01	3.610725E+01	2.156490E-01	1.159426E-06	8.975229E-08
2.576106E+00	8.243781E+01	3.667032E+01	2.437454E-01	1.194726E-06	9.211686E-08
2.597050E+00	8.585534E+01	3.688200E+01	2.747187E-01	1.233542E-06	9.394386E-08
2.617994E+00	8.954509E+01	3.708151E+01	2.916992E-01	1.277497E-06	9.771813E-08
2.638938E+00	9.226179E+01	3.709642E+01	2.740509E-01	1.319754E-06	9.997621E-08
2.659882E+00	9.521963E+01	3.758281E+01	2.984998E-01	1.361039E-06	1.033294E-07
