4.188790E-02	3.146946E-01	1.465326E+00	6.519734E-32	2.595605E-13	3.268526E-13
6.283185E-02	3.736618E-01	2.784201E+00	4.339188E-02	2.335978E-12	1.119323E-12
8.377580E-02	2.143020E+00	7.198883E+00	3.606373E-02	9.528642E-12	3.249848E-12
1.047198E-01	2.408502E+00	8.948063E+00	1.520904E-02	2.201542E-11	5.298450E-12
1.256637E-01	2.323464E+00	1.064371E+01	4.421562E-02	5.009395E-11	9.220452E-12
1.466077E-01	7.462620E+00	1.579322E+01	2.591931E-03	9.350043E-11	1.489724E-11
1.675516E-01	3.734661E+00	1.819318E+01	5.137205E-02	1.587840E-10	2.451677E-11
1.884956E-01	5.496324E+00	2.131452E+01	1.448808E-02	2.456305E-10	3.141334E-11
2.094395E-01	3.574418E+00	2.094972E+01	5.108982E-02	3.660422E-10	4.422269E-11
2.303835E-01	4.242039E+00	2.651626E+01	5.123689E-02	5.756275E-10	6.081716E-11
2.513274E-01	3.517131E+00	2.925485E+01	1.181820E-01	7.760932E-10	7.957049E-11
2.722714E-01	1.330732E+01	3.118054E+01	1.003360E-01	1.099693E-09	9.906711E-11
2.932153E-01	5.821528E+00	3.259449E+01	4.005904E-02	1.408774E-09	1.322695E-10
3.141593E-01	6.902449E+00	3.722022E+01	3.161201E-02	1.879069E-09	1.519240E-10
3.351032E-01	1.356152E+01	4.299844E+01	4.716655E-02	2.374083E-09	1.834817E-10
3.560472E-01	1.225975E+01	4.262484E+01	6.646733E-02	3.084831E-09	2.246352E-10
3.769911E-01	1.390809E+01	4.576720E+01	4.599490E-02	3.810337E-09	2.619092E-10
3.979351E-01	9.528773E+00	4.682845E+01	3.805538E-02	4.638195E-09	3.072095E-10
4.188790E-01	1.178766E+01	4.709799E+01	5.720860E-02	5.756918E-09	3.635289E-10
4.398230E-01	5.579811E+00	4.814876E+01	8.855255E-02	6.602447E-09	4.000454E-10
4.607669E-01	1.043362E+01	5.299728E+01	6.854361E-02	8.190604E-09	4.755829E-10
4.817109E-01	1.244370E+01	5.604811E+01	5.162913E-02	9.637539E-09	5.571922E-10
5.026548E-01	9.906456E+00	5.468351E+01	3.980232E-02	1.110513E-08	6.024789E-10
5.235988E-01	1.302485E+01	5.629683E+01	3.911907E-02	1.299157E-08	6.891153E-10
5.445427E-01	1.081115E+01	6.006424E+01	3.957980E-02	1.473738E-08	7.855307E-10
5.654867E-01	1.839572E+01	6.158456E+01	2.710951E-02	1.717359E-08	8.866964E-10
5.864306E-01	1.308469E+01	5.844365E+01	5.191555E-02	1.937375E-08	9.726128E-10
6.073746E-01	1.622674E+01	6.195528E+01	3.228219E-02	2.151012E-08	1.099449E-09
6.283185E-01	1.830336E+01	6.689031E+01	6.064318E-02	2.512801E-08	1.203116E-09
6.492625E-01	7.846153E+00	6.456876E+01	1.004365E-01	2.768521E-08	1.334208E-09
6.702064E-01	6.891270E+00	6.537621E+01	6.228931E-02	3.120304E-08	1.494508E-09
6.911504E-01	1.694119E+01	6.578911E+01	4.976994E-02	3.401667E-08	1.624368E-09
7.120943E-01	1.860044E+01	6.826539E+01	3.339667E-02	3.940407E-08	1.795314E-09
7.330383E-01	1.634003E+01	6.529563E+01	3.940793E-02	4.396661E-08	1.934135E-09
7.539822E-01	1.032169E+01	6.513943E+01	4.037249E-02	4.722967E-08	2.060648E-09
7.749262E-01	1.596771E+01	6.678628E+01	3.960074E-02	5.203634E-08	2.260309E-09
7.958701E-01	8.354085E+00	6.617065E+01	7.659761E-02	5.791617E-08	2.432461E-09
8.168141E-01	1.652599E+01	6.911934E+01	4.913607E-02	6.260207E-08	2.638735E-09
8.377580E-01	1.568800E+01	6.694272E+01	6.028514E-02	6.898475E-08	2.814972E-09
8.587020E-01	1.178426E+01	6.877845E+01	4.828565E-02	7.373291E-08	3.072016E-09
8.796459E-01	1.564156E+01	6.853881E+01	6.175666E-02	8.224892E-08	3.353087E-09
9.005899E-01	1.207566E+01	6.853699E+01	5.667010E-02	8.914402E-08	3.532635E-09
9.215338E-01	1.824385E+01	6.783954E+01	4.733260E-02	9.591187E-08	3.820961E-09
9.424778E-01	1.494632E+01	7.020583E+01	3.880794E-02	1.032960E-07	4.056986E-09
9.634217E-01	1.086176E+01	6.873496E+01	4.103097E-02	1.105724E-07	4.418120E-09
9.843657E-01	1.672289E+01	6.984112E+01	8.104791E-02	1.199354E-07	4.575685E-09
1.005310E+00	1.436135E+01	6.796847E+01	4.257769E-02	1.313972E-07	4.954161E-09
1.026254E+00	1.623360E+01	6.771559E+01	4.452490E-02	1.375694E-07	5.217634E-09
1.047198E+00	1.531144E+01	6.852957E+01	4.801115E-02	1.483299E-07	5.543910E-09
1.068142E+00	1.383897E+01	6.704965E+01	5.402372E-02	1.596754E-07	6.023208E-09
1.089085E+00	1.365652E+01	6.722070E+01	6.892438E-02	1.704207E-07	6.264681E-09
1.110029E+00	1.693638E+01	6.790364E+01	5.129598E-02	1.798904E-07	6.653376E-09
1.130973E+00	1.819870E+01	6.956101E+01	7.065469E-02	1.969792E-07	7.177114E-09
1.151917E+00	1.835271E+01	6.677666E+01	5.689514E-02	2.060048E-07	7.334859E-09
1.172861E+00	1.487154E+01	6.781998E+01	6.432485E-02	2.233596E-07	7.963817E-09
1.193805E+00	1.472824E+01	6.684052E+01	5.548606E-02	2.326658E-07	8.280459E-09
1.214749E+00	1.938460E+01	6.596112E+01	6.492114E-02	2.497766E-07	8.714474E-09
1.235693E+00	1.619021E+01	6.544707E+01	4.020380E-02	2.675731E-07	9.275431E-09
1.256637E+00	1.669888E+01	6.600459E+01	5.165669E-02	2.772013E-07	9.717734E-09
1.277581E+00	1.829461E+01	6.570810E+01	7.634228E-02	2.925731E-07	1.019981E-08
1.298525E+00	1.889122E+01	6.627196E+01	5.799538E-02	3.143164E-07	1.079233E-08
1.319469E+00	1.890862E+01	6.685119E+01	5.340043E-02	3.309284E-07	1.130823E-08
1.340413E+00	1.879120E+01	6.451823E+01	4.605801E-02	3.484883E-07	1.181171E-08
1.361357E+00	1.913580E+01	6.580647E+01	6.904233E-02	3.700890E-07	1.236494E-08
1.382301E+00	1.945854E+01	6.569542E+01	8.359534E-02	3.892581E-07	1.314093E-08
1.403245E+00	1.852349E+01	6.444937E+01	5.785279E-02	4.087990E-07	1.349730E-08
1.424189E+00	2.305586E+01	6.314874E+01	5.001583E-02	4.348275E-07	1.421316E-08
1.445133E+00	2.311733E+01	6.390994E+01	7.059495E-02	4.550116E-07	1.477215E-08
1.466077E+00	2.275942E+01	6.333925E+01	6.066838E-02	4.836943E-07	1.545706E-08
1.487021E+00	2.386575E+01	6.324388E+01	5.920444E-02	5.055816E-07	1.638790E-08
1.507964E+00	2.640130E+01	6.235226E+01	4.820476E-02	5.316121E-07	1.685314E-08
1.528908E+00	2.565464E+01	6.347203E+01	6.764110E-02	5.525456E-07	1.775242E-08
1.549852E+00	2.262232E+01	6.239791E+01	5.234814E-02	5.810758E-07	1.845341E-08
1.570796E+00	2.495280E+01	6.180336E+01	6.561776E-02	6.094154E-07	1.918761E-08
1.591740E+00	2.649643E+01	6.086210E+01	6.984480E-02	6.396956E-07	2.012266E-08
1.612684E+00	2.634761E+01	6.009270E+01	5.379246E-02	6.705910E-07	2.083956E-08
1.633628E+00	2.730316E+01	6.035184E+01	6.343314E-02	7.042757E-07	2.179279E-08
1.654572E+00	3.026318E+01	5.967340E+01	6.142941E-02	7.327444E-07	2.261742E-08
1.675516E+00	3.027493E+01	5.994636E+01	7.266089E-02	7.677405E-07	2.383945E-08
1.696460E+00	3.060416E+01	5.861156E+01	5.609625E-02	8.088107E-07	2.450719E-08
1.717404E+00	3.049820E+01	5.949502E+01	5.462239E-02	8.370738E-07	2.544979E-08
1.738348E+00	3.157996E+01	5.799017E+01	5.735617E-02	8.788010E-07	2.671488E-08
1.759292E+00	3.396715E+01	5.673004E+01	6.847410E-02	9.123536E-07	2.753102E-08
1.780236E+00	3.099955E+01	5.762321E+01	6.843069E-02	9.590228E-07	2.820583E-08
1.801180E+00	3.429837E+01	5.710191E+01	4.524199E-02	1.002286E-06	2.945415E-08
1.822124E+00	3.331993E+01	5.609158E+01	5.229752E-02	1.038746E-06	3.072971E-08
1.843068E+00	3.436526E+01	5.679053E+01	5.752475E-02	1.090365E-06	3.179917E-08
1.864012E+00	3.454642E+01	5.570387E+01	5.399960E-02	1.134019E-06	3.287321E-08
1.884956E+00	3.609084E+01	5.519559E+01	6.138408E-02	1.183939E-06	3.437534E-08
1.905900E+00	3.734579E+01	5.497806E+01	4.934999E-02	1.217369E-06	3.507927E-08
1.926843E+00	4.116885E+01	5.439316E+01	6.363215E-02	1.265966E-06	3.671207E-08
1.947787E+00	3.868843E+01	5.336582E+01	6.258556E-02	1.326755E-06	3.820192E-08
1.968731E+00	3.751165E+01	5.307293E+01	6.841107E-02	1.377474E-06	3.952720E-08
1.989675E+00	4.206495E+01	5.318228E+01	6.358321E-02	1.438229E-06	4.044125E-08
2.010619E+00	4.046474E+01	5.314670E+01	6.011044E-02	1.492770E-06	4.184878E-08
2.031563E+00	4.261316E+01	5.243605E+01	5.194250E-02	1.557685E-06	4.334256E-08
2.052507E+00	4.482662E+01	5.171362E+01	6.745719E-02	1.611746E-06	4.471475E-08
2.073451E+00	4.288357E+01	5.125354E+01	4.751521E-02	1.669155E-06	4.593098E-08
2.094395E+00	4.510807E+01	5.143325E+01	6.860644E-02	1.735510E-06	4.835767E-08
2.115339E+00	4.721074E+01	5.076714E+01	6.265428E-02	1.790728E-06	4.963339E-08
2.136283E+00	4.935450E+01	5.054438E+01	4.892048E-02	1.875680E-06	5.122856E-08
2.157227E+00	4.716146E+01	4.982660E+01	4.631378E-02	1.927399E-06	5.244080E-08
2.178171E+00	4.893722E+01	4.917107E+01	5.468908E-02	2.017883E-06	5.454072E-08
2.199115E+00	4.916700E+01	4.927697E+01	7.105259E-02	2.068625E-06	5.630927E-08
2.220059E+00	4.998297E+01	4.871441E+01	7.284644E-02	2.160555E-06	5.838229E-08
2.241003E+00	5.558895E+01	4.878034E+01	6.769184E-02	2.243832E-06	6.018607E-08
2.261947E+00	5.549450E+01	4.883111E+01	8.130321E-02	2.290349E-06	6.213025E-08
2.282891E+00	5.317391E+01	4.831653E+01	6.333456E-02	2.387107E-06	6.376153E-08
2.303835E+00	5.722544E+01	4.833857E+01	7.472099E-02	2.482081E-06	6.592312E-08
2.324779E+00	5.992171E+01	4.851332E+01	1.041437E-01	2.581623E-06	6.781229E-08
2.345723E+00	6.106561E+01	4.811316E+01	1.076399E-01	2.660948E-06	6.941634E-08
2.366666E+00	6.239383E+01	4.835694E+01	8.277948E-02	2.732196E-06	7.163671E-08
2.387610E+00	6.405527E+01	4.866568E+01	6.839369E-02	2.829870E-06	7.330470E-08
2.408554E+00	6.652028E+01	5.030167E+01	6.560690E-02	2.956931E-06	7.609362E-08
2.429498E+00	1.055654E+02	5.723375E+01	1.980033E-01	3.036877E-06	7.944060E-08
2.450442E+00	1.058432E+02	5.806575E+01	1.689669E-01	3.169367E-06	8.089586E-08
2.471386E+00	1.042494E+02	5.845222E+01	2.092220E-01	3.269076E-06	8.317602E-08
2.492330E+00	1.097750E+02	5.899693E+01	1.781983E-01	3.371602E-06	8.596349E-08
2.513274E+00	1.115665E+02	5.886230E+01	1.589907E-01	3.474396E-06	8.830761E-08
2.534218E+00	1.148790E+02	5.932782E+01	1.647536E-01	3.582831E-06	9.053529E-08
2.555162E+00	1.151557E+02	5.938732E+01	1.716840E-01	3.707951E-06	9.312120E-08
2.576106E+00	1.190300E+02	5.952761E+01	2.023672E-01	3.843636E-06	9.571573E-08
2.597050E+00	1.214989E+02	5.983950E+01	2.236987E-01	3.978122E-06	9.730310E-08
2.617994E+00	1.263671E+02	5.941575E+01	2.311420E-01	4.079160E-06	1.013611E-07
2.638938E+00	1.321230E+02	6.044486E+01	2.614136E-01	4.240543E-06	1.047660E-07
2.659882E+00	1.344856E+02	6.060766E+01	2.368803E-01	4.348117E-06	1.064314E-07
