6.00	9.559301e+02	1.909600e+01	1.744873e-02	1.875558e-03	8.925236e-04	0.000000
6.14	9.427424e+02	1.947792e+01	4.564807e-02	4.629902e-03	2.298287e-03	0.000000
6.28	9.217915e+02	1.985984e+01	1.017976e-01	9.792988e-03	5.049291e-03	0.000000
6.43	8.891784e+02	2.026904e+01	2.047366e-01	1.858764e-02	9.992108e-03	0.000000
6.58	8.426257e+02	2.067824e+01	3.507535e-01	3.016807e-02	1.685237e-02	0.000000
6.73	7.856624e+02	2.108744e+01	5.581377e-01	4.567372e-02	2.640517e-02	0.000000
6.88	7.299142e+02	2.149664e+01	8.493732e-01	6.621150e-02	3.967863e-02	0.000000
7.04	6.777305e+02	2.193312e+01	1.230991e+00	9.178876e-02	5.679946e-02	0.000000
7.20	6.278820e+02	2.236960e+01	1.717169e+00	1.228099e-01	7.804393e-02	0.000000
7.37	5.788208e+02	2.283336e+01	2.309966e+00	1.594254e-01	1.034986e-01	0.000000
7.53	5.374254e+02	2.326984e+01	3.014463e+00	2.011304e-01	1.335004e-01	0.000000
7.70	5.139088e+02	2.373360e+01	3.819694e+00	2.465008e-01	1.676311e-01	0.000000
7.88	4.916598e+02	2.422464e+01	4.706851e+00	2.954834e-01	2.053106e-01	0.000000
8.06	4.411442e+02	2.471568e+01	5.664006e+00	3.464820e-01	2.462541e-01	0.000000
8.24	3.694064e+02	2.520672e+01	6.667872e+00	3.984129e-01	2.886244e-01	0.000000
8.42	3.129612e+02	2.569776e+01	7.680482e+00	4.495347e-01	3.323030e-01	0.000000
8.61	2.731087e+02	2.621608e+01	8.689592e+00	4.996430e-01	3.771211e-01	0.000000
8.80	2.551699e+02	2.673440e+01	9.653063e+00	5.489578e-01	4.220885e-01	0.000000
9.00	2.307489e+02	2.728000e+01	1.054443e+01	5.953718e-01	4.663995e-01	0.000000
9.20	1.960395e+02	2.782560e+01	1.132759e+01	6.383939e-01	5.120692e-01	0.000000
9.40	1.636007e+02	2.837120e+01	1.197356e+01	6.779669e-01	5.587549e-01	0.000000
9.61	1.408551e+02	2.894408e+01	1.244997e+01	7.139444e-01	6.014461e-01	0.000000
9.82	1.293611e+02	2.951696e+01	1.272224e+01	7.466273e-01	6.404011e-01	0.000000
10.04	1.178292e+02	3.011712e+01	1.275484e+01	7.762564e-01	6.759052e-01	0.000000
10.26	1.002699e+02	3.071728e+01	1.248275e+01	8.029207e-01	7.082345e-01	0.000000
10.49	8.346709e+01	3.134472e+01	1.189403e+01	8.270641e-01	7.379437e-01	0.000000
10.71	7.162090e+01	3.194488e+01	1.091757e+01	8.486813e-01	7.647917e-01	0.000000
10.95	6.532430e+01	3.259960e+01	9.463432e+00	8.680497e-01	7.893981e-01	0.000000
11.19	5.934148e+01	3.325432e+01	7.463496e+00	8.854009e-01	8.117647e-01	0.000000
11.43	5.036729e+01	3.390904e+01	4.801327e+00	9.008005e-01	8.320100e-01	0.000000
11.68	4.179714e+01	3.459104e+01	1.365513e+00	9.143996e-01	8.503737e-01	0.000000
11.93	3.586949e+01	3.527304e+01	-2.945353e+00	9.264815e-01	8.670619e-01	0.000000
12.19	3.273576e+01	3.598232e+01	-8.256775e+00	9.370985e-01	8.822127e-01	0.000000
12.46	2.961307e+01	3.671888e+01	-1.470457e+01	9.464092e-01	8.959988e-01	0.000000
12.73	2.520653e+01	3.745544e+01	-2.237839e+01	9.545453e-01	9.084745e-01	0.000000
13.00	2.115755e+01	3.819200e+01	-3.132838e+01	9.616416e-01	9.196814e-01	0.000000
13.28	1.827295e+01	3.895584e+01	-4.164901e+01	9.677936e-01	9.297597e-01	0.000000
13.57	1.669829e+01	3.974696e+01	-5.328846e+01	9.730952e-01	9.389070e-01	0.000000
13.86	1.569562e+01	4.053808e+01	-6.597522e+01	9.776268e-01	9.471259e-01	0.000000
14.15	1.422998e+01	4.132920e+01	-7.939820e+01	9.814973e-01	9.546168e-01	0.000000
14.46	1.277281e+01	4.217488e+01	-9.278919e+01	9.848060e-01	9.613494e-01	0.000000
14.77	1.151572e+01	4.302056e+01	-1.063412e+02	9.875745e-01	9.672870e-01	0.000000
15.08	1.056079e+01	4.386624e+01	-1.189086e+02	9.899226e-01	9.726310e-01	0.000000
15.40	9.875697e+00	4.473920e+01	-1.301165e+02	9.918707e-01	9.773301e-01	0.000000
15.73	9.447560e+00	4.563944e+01	-1.393578e+02	9.934981e-01	9.814054e-01	0.000000
16.07	9.231941e+00	4.656696e+01	-1.460204e+02	9.948167e-01	9.848927e-01	0.000000
16.41	9.172137e+00	4.749448e+01	-1.497500e+02	9.958947e-01	9.878651e-01	0.000000
16.76	9.250790e+00	4.844928e+01	-1.504901e+02	9.967883e-01	9.903878e-01	0.000000
17.11	9.544254e+00	4.940408e+01	-1.480267e+02	9.975060e-01	9.923661e-01	0.000000
17.47	1.015149e+01	5.038616e+01	-1.427189e+02	9.980746e-01	9.939148e-01	0.000000
17.84	1.116760e+01	5.139552e+01	-1.348222e+02	9.985292e-01	9.952255e-01	0.000000
18.22	1.379677e+01	5.243216e+01	-1.247509e+02	9.988918e-01	9.963415e-01	0.000000
18.60	1.519294e+01	5.346880e+01	-1.128682e+02	9.991708e-01	9.972112e-01	0.000000
19.00	1.590875e+01	5.456000e+01	-9.995402e+01	9.993834e-01	9.978529e-01	0.000000
19.40	1.662759e+01	5.565120e+01	-8.660734e+01	9.999999e-01	9.998947e-01	0.000000
19.80	1.928761e+01	5.674240e+01	-7.303523e+01	9.999999e-01	9.998900e-01	0.000000
20.22	2.582182e+01	5.788816e+01	-6.019642e+01	9.999999e-01	9.998980e-01	0.000000
20.64	3.030305e+01	5.903392e+01	-4.753093e+01	9.999999e-01	9.998982e-01	0.000000
21.08	3.184641e+01	6.023424e+01	-3.743360e+01	9.999999e-01	9.999051e-01	0.000000
21.52	3.448851e+01	6.143456e+01	-2.858110e+01	9.999999e-01	9.999121e-01	0.000000
21.97	4.009467e+01	6.266216e+01	-2.159552e+01	9.999999e-01	9.999022e-01	0.000000
22.43	5.149592e+01	6.391704e+01	-1.606856e+01	9.999999e-01	9.999080e-01	0.000000
22.90	5.844602e+01	6.519920e+01	-1.178051e+01	9.999999e-01	9.999170e-01	0.000000
23.38	6.170438e+01	6.650864e+01	-8.639382e+00	9.999999e-01	9.999137e-01	0.000000
23.86	6.328281e+01	6.781808e+01	-6.349930e+00	9.999999e-01	9.999145e-01	0.000000
24.36	6.383065e+01	6.918208e+01	-4.784323e+00	9.999999e-01	9.999077e-01	0.000000
24.87	6.405224e+01	7.057336e+01	-3.747679e+00	9.999999e-01	9.999136e-01	0.000000
25.38	6.473207e+01	7.196464e+01	-3.087016e+00	9.999999e-01	9.999197e-01	0.000000
25.91	6.541415e+01	7.341048e+01	-2.735848e+00	9.999999e-01	9.999149e-01	0.000000
26.45	6.570044e+01	7.488360e+01	-2.595323e+00	9.999999e-01	9.999213e-01	0.000000
27.00	6.852578e+01	7.638400e+01	-2.607168e+00	9.999999e-01	9.999170e-01	0.000000
27.56	6.907159e+01	7.791168e+01	-2.729927e+00	9.999999e-01	9.999304e-01	0.000000
28.13	6.927355e+01	7.946664e+01	-2.934904e+00	9.999999e-01	9.999261e-01	0.000000
28.71	6.978764e+01	8.104887e+01	-3.202476e+00	9.999999e-01	9.999282e-01	0.000000
29.31	7.007074e+01	8.268568e+01	-3.537962e+00	9.999999e-01	9.999295e-01	0.000000
29.91	7.024848e+01	8.432248e+01	-3.897604e+00	9.999999e-01	9.999389e-01	0.000000
30.53	7.129672e+01	8.601384e+01	-4.311781e+00	9.999999e-01	9.999393e-01	0.000000
31.16	7.803134e+01	8.773248e+01	-4.759314e+00	9.999999e-01	9.999335e-01	0.000000
31.81	8.030453e+01	8.950568e+01	-5.254799e+00	9.999999e-01	9.999432e-01	0.000000
32.46	8.095583e+01	9.127888e+01	-5.763262e+00	9.999999e-01	9.999406e-01	0.000000
33.13	8.123936e+01	9.310664e+01	-6.318820e+00	9.999999e-01	9.999448e-01	0.000000
33.81	8.159100e+01	9.496169e+01	-6.903301e+00	9.999999e-01	9.999472e-01	0.000000
34.51	8.183694e+01	9.687128e+01	-7.533637e+00	9.999999e-01	9.999410e-01	0.000000
