4.188790E-02	5.275948E-02	1.278913E-01	0.000000E+00	3.715115E-09	1.590290E-05
6.283185E-02	-7.820209E-02	2.075605E-01	2.463425E-03	7.408054E-09	1.534904E-05
8.377580E-02	1.340350E-02	3.313546E-01	1.388202E-02	1.019615E-08	1.734413E-05
1.047198E-01	-6.093055E-02	4.526794E-01	1.016112E-02	1.544821E-08	1.703328E-05
1.256637E-01	3.299999E-02	5.753191E-01	2.261453E-02	2.169577E-08	1.623148E-05
1.466077E-01	5.404420E-03	6.539624E-01	5.269985E-02	2.480289E-08	1.760287E-05
1.675516E-01	-2.961349E-02	7.633500E-01	1.927574E-02	2.824222E-08	1.838673E-05
1.884956E-01	-1.420581E-01	8.012373E-01	4.260641E-02	3.132621E-08	1.885552E-05
2.094395E-01	1.310043E-01	9.080464E-01	7.050131E-02	3.739281E-08	1.711535E-05
2.303835E-01	6.133363E-02	9.368812E-01	1.996818E-02	3.866119E-08	1.795965E-05
2.513274E-01	8.808349E-02	9.461641E-01	1.660963E-01	4.201183E-08	1.713690E-05
2.722714E-01	1.017469E-01	1.019245E+00	9.876466E-02	4.567978E-08	1.761437E-05
2.932153E-01	1.416510E-01	1.191347E+00	4.307265E-02	5.239026E-08	1.815399E-05
3.141593E-01	1.839349E-02	1.115028E+00	7.101377E-02	5.591671E-08	1.740662E-05
3.351032E-01	3.133369E-01	1.318455E+00	4.151159E-02	6.337766E-08	1.794108E-05
3.560472E-01	1.658202E-01	1.259453E+00	5.624689E-02	6.385145E-08	1.805762E-05
3.769911E-01	1.996324E-01	1.331001E+00	2.331814E-02	6.989805E-08	1.794770E-05
3.979351E-01	4.347637E-02	1.272662E+00	7.866954E-02	7.415071E-08	1.753872E-05
4.188790E-01	2.393756E-01	1.390367E+00	5.420765E-02	7.771809E-08	1.840612E-05
4.398230E-01	2.661895E-01	1.365735E+00	5.411861E-02	8.273158E-08	1.744865E-05
4.607669E-01	8.763710E-02	1.411807E+00	4.983824E-02	8.736918E-08	1.771050E-05
4.817109E-01	1.549906E-01	1.460753E+00	5.133670E-02	9.431312E-08	1.788362E-05
5.026548E-01	4.296835E-01	1.487630E+00	4.974436E-02	9.748172E-08	1.761278E-05
5.235988E-01	3.730364E-01	1.607368E+00	5.431609E-02	1.035029E-07	1.895263E-05
5.445427E-01	3.295563E-01	1.658403E+00	6.584145E-02	1.069446E-07	1.806272E-05
5.654867E-01	4.406775E-01	1.583689E+00	4.213338E-02	1.133891E-07	1.797235E-05
5.864306E-01	4.189124E-01	1.648324E+00	5.302498E-02	1.173967E-07	1.812572E-05
6.073746E-01	4.376249E-01	1.596660E+00	8.725807E-02	1.243222E-07	1.776298E-05
6.283185E-01	6.179949E-01	1.687872E+00	8.989173E-02	1.268944E-07	1.819204E-05
6.492625E-01	3.759773E-01	1.686033E+00	7.047356E-02	1.320931E-07	1.800961E-05
6.702064E-01	4.938197E-01	1.743752E+00	4.889702E-02	1.356657E-07	1.823661E-05
6.911504E-01	1.009679E+00	1.789355E+00	5.904822E-02	1.453870E-07	1.854284E-05
7.120943E-01	6.856026E-01	1.713533E+00	6.346259E-02	1.464572E-07	1.814234E-05
7.330383E-01	9.083838E-01	1.795858E+00	6.170335E-02	1.546848E-07	1.835695E-05
7.539822E-01	8.363329E-01	1.807521E+00	5.460252E-02	1.582276E-07	1.817999E-05
7.749262E-01	8.490214E-01	1.772836E+00	6.610391E-02	1.607447E-07	1.850048E-05
7.958701E-01	9.375411E-01	1.815864E+00	6.757704E-02	1.673720E-07	1.854497E-05
8.168141E-01	9.500637E-01	1.771543E+00	7.657923E-02	1.720456E-07	1.812393E-05
8.377580E-01	9.752064E-01	1.807717E+00	9.174930E-02	1.775771E-07	1.820239E-05
8.587020E-01	9.871035E-01	1.810288E+00	6.592401E-02	1.818281E-07	1.839475E-05
8.796459E-01	9.428816E-01	1.843560E+00	9.909518E-02	1.858661E-07	1.869529E-05
9.005899E-01	9.885187E-01	1.820859E+00	8.079701E-02	1.922665E-07	1.831666E-05
9.215338E-01	1.153421E+00	1.843260E+00	7.426269E-02	1.946506E-07	1.866404E-05
9.424778E-01	1.168901E+00	1.813327E+00	8.598251E-02	1.966026E-07	1.855237E-05
9.634217E-01	1.370204E+00	1.838866E+00	9.826171E-02	2.019240E-07	1.855391E-05
9.843657E-01	1.156494E+00	1.847725E+00	7.384357E-02	2.071838E-07	1.855929E-05
1.005310E+00	1.263874E+00	1.870995E+00	1.006146E-01	2.138490E-07	1.893592E-05
1.026254E+00	1.331947E+00	1.850603E+00	9.954634E-02	2.181558E-07	1.868194E-05
1.047198E+00	1.259671E+00	1.875783E+00	8.311618E-02	2.214324E-07	1.865777E-05
1.068142E+00	1.427918E+00	1.867770E+00	1.249143E-01	2.233371E-07	1.863451E-05
1.089085E+00	1.313190E+00	1.821785E+00	9.413834E-02	2.267313E-07	1.858219E-05
1.110029E+00	1.329146E+00	1.817775E+00	9.859159E-02	2.292510E-07	1.859208E-05
1.130973E+00	1.505605E+00	1.848813E+00	1.268254E-01	2.367096E-07	1.896474E-05
1.151917E+00	1.589241E+00	1.818821E+00	1.256753E-01	2.411140E-07	1.886439E-05
1.172861E+00	1.572858E+00	1.863435E+00	1.257584E-01	2.446186E-07	1.906081E-05
1.193805E+00	1.555796E+00	1.868607E+00	1.472025E-01	2.475520E-07	1.914598E-05
1.214749E+00	1.637382E+00	1.836136E+00	1.180846E-01	2.515343E-07	1.889084E-05
1.235693E+00	1.491187E+00	1.808934E+00	1.081951E-01	2.590005E-07	1.858445E-05
1.256637E+00	1.549752E+00	1.793506E+00	1.143497E-01	2.561543E-07	1.875726E-05
1.277581E+00	1.673392E+00	1.783241E+00	1.292328E-01	2.583621E-07	1.880922E-05
1.298525E+00	1.668742E+00	1.763899E+00	1.411673E-01	2.625593E-07	1.884390E-05
1.319469E+00	1.854648E+00	1.811531E+00	1.294265E-01	2.686845E-07	1.919159E-05
1.340413E+00	1.697913E+00	1.781003E+00	1.387722E-01	2.721522E-07	1.882366E-05
1.361357E+00	1.780022E+00	1.760323E+00	1.369061E-01	2.754514E-07	1.883582E-05
1.382301E+00	1.769502E+00	1.770932E+00	1.361544E-01	2.771353E-07	1.901696E-05
1.403245E+00	1.814481E+00	1.757198E+00	1.363992E-01	2.799047E-07	1.900887E-05
1.424189E+00	1.794473E+00	1.724124E+00	1.277384E-01	2.822488E-07	1.905238E-05
1.445133E+00	1.743485E+00	1.736413E+00	1.683773E-01	2.864330E-07	1.900381E-05
1.466077E+00	1.893854E+00	1.716240E+00	1.529926E-01	2.909828E-07	1.913843E-05
1.487021E+00	1.974607E+00	1.730109E+00	1.568935E-01	2.914066E-07	1.925285E-05
1.507964E+00	1.892544E+00	1.733317E+00	1.460352E-01	2.965944E-07	1.918313E-05
1.528908E+00	1.876418E+00	1.684537E+00	1.476917E-01	2.962716E-07	1.920138E-05
1.549852E+00	1.930161E+00	1.707901E+00	1.352827E-01	3.023560E-07	1.914347E-05
1.570796E+00	1.907559E+00	1.683479E+00	1.414073E-01	3.057635E-07	1.906347E-05
1.591740E+00	1.918866E+00	1.667255E+00	1.632634E-01	3.058532E-07	1.905041E-05
1.612684E+00	1.916676E+00	1.656243E+00	1.648710E-01	3.091249E-07	1.907866E-05
1.633628E+00	1.969190E+00	1.637003E+00	1.788548E-01	3.129727E-07	1.902485E-05
1.654572E+00	1.999121E+00	1.615123E+00	1.955131E-01	3.156950E-07	1.910327E-05
1.675516E+00	1.995369E+00	1.640039E+00	1.874038E-01	3.170602E-07	1.913041E-05
1.696460E+00	1.971342E+00	1.643262E+00	1.782398E-01	3.198367E-07	1.919584E-05
1.717404E+00	2.074902E+00	1.617867E+00	1.786729E-01	3.262896E-07	1.922010E-05
1.738348E+00	2.071010E+00	1.591907E+00	1.663574E-01	3.262782E-07	1.911160E-05
1.759292E+00	2.139967E+00	1.600189E+00	2.146333E-01	3.277447E-07	1.914868E-05
1.780236E+00	2.022896E+00	1.554464E+00	1.609350E-01	3.297138E-07	1.905815E-05
1.801180E+00	2.047920E+00	1.561692E+00	1.691734E-01	3.341537E-07	1.915093E-05
1.822124E+00	2.017369E+00	1.578478E+00	1.786451E-01	3.357584E-07	1.932638E-05
1.843068E+00	2.140309E+00	1.547454E+00	1.680405E-01	3.388528E-07	1.904449E-05
1.864012E+00	2.170936E+00	1.532409E+00	1.908525E-01	3.425884E-07	1.915537E-05
1.884956E+00	2.230415E+00	1.542140E+00	1.906303E-01	3.449710E-07	1.929797E-05
1.905900E+00	2.063891E+00	1.517417E+00	1.876886E-01	3.476319E-07	1.935972E-05
1.926843E+00	2.131088E+00	1.520343E+00	1.755718E-01	3.482163E-07	1.934698E-05
1.947787E+00	2.071726E+00	1.498274E+00	1.762140E-01	3.493336E-07	1.926697E-05
1.968731E+00	2.187512E+00	1.513818E+00	1.701605E-01	3.538440E-07	1.939650E-05
1.989675E+00	2.178289E+00	1.500478E+00	1.869563E-01	3.594137E-07	1.929169E-05
2.010619E+00	2.121346E+00	1.483765E+00	1.813161E-01	3.595278E-07	1.912409E-05
2.031563E+00	2.191080E+00	1.481339E+00	1.688278E-01	3.637297E-07	1.933173E-05
2.052507E+00	2.290926E+00	1.501912E+00	1.868219E-01	3.667669E-07	1.924494E-05
2.073451E+00	2.191625E+00	1.470043E+00	2.077381E-01	3.709193E-07	1.923694E-05
2.094395E+00	2.231642E+00	1.474676E+00	1.817107E-01	3.740679E-07	1.940767E-05
2.115339E+00	2.304445E+00	1.464983E+00	2.009009E-01	3.781832E-07	1.946829E-05
2.136283E+00	2.258684E+00	1.444896E+00	2.053086E-01	3.796976E-07	1.948353E-05
2.157227E+00	2.215695E+00	1.431928E+00	1.878371E-01	3.802178E-07	1.937580E-05
2.178171E+00	2.388403E+00	1.456518E+00	2.310062E-01	3.890646E-07	1.957341E-05
2.199115E+00	2.318203E+00	1.436252E+00	1.791911E-01	3.881651E-07	1.964737E-05
2.220059E+00	2.315258E+00	1.410898E+00	1.819075E-01	3.892609E-07	1.928937E-05
2.241003E+00	2.299817E+00	1.420625E+00	1.868258E-01	3.934855E-07	1.941363E-05
2.261947E+00	2.376884E+00	1.424913E+00	2.017348E-01	3.985928E-07	1.955084E-05
2.282891E+00	2.312426E+00	1.418702E+00	1.938824E-01	4.039270E-07	1.945244E-05
2.303835E+00	2.506984E+00	1.442817E+00	2.128829E-01	4.099317E-07	1.960933E-05
2.324779E+00	2.432097E+00	1.419474E+00	2.069295E-01	4.115674E-07	1.938919E-05
2.345723E+00	2.443232E+00	1.402694E+00	2.184848E-01	4.129754E-07	1.956611E-05
2.366666E+00	2.467170E+00	1.408083E+00	2.126313E-01	4.175161E-07	1.967344E-05
2.387610E+00	2.447559E+00	1.404254E+00	2.069409E-01	4.213051E-07	1.954352E-05
2.408554E+00	2.521866E+00	1.389617E+00	2.044783E-01	4.247648E-07	1.950934E-05
2.429498E+00	2.570922E+00	1.389077E+00	2.184851E-01	4.280208E-07	1.957027E-05
2.450442E+00	2.552581E+00	1.387497E+00	2.067364E-01	4.341777E-07	1.956134E-05
2.471386E+00	2.604253E+00	1.406318E+00	2.442579E-01	4.385503E-07	1.974399E-05
2.492330E+00	2.615251E+00	1.403389E+00	2.322666E-01	4.445061E-07	1.970613E-05
2.513274E+00	2.607528E+00	1.397231E+00	2.352834E-01	4.459500E-07	1.987418E-05
2.534218E+00	2.662230E+00	1.391199E+00	2.390101E-01	4.527436E-07	1.970377E-05
2.555162E+00	2.645765E+00	1.389712E+00	2.459625E-01	4.571914E-07	1.967917E-05
2.576106E+00	2.801473E+00	1.414003E+00	2.482413E-01	4.637604E-07	1.996550E-05
2.597050E+00	2.761340E+00	1.393643E+00	2.566386E-01	4.663320E-07	1.987502E-05
2.617994E+00	2.784420E+00	1.402826E+00	2.445522E-01	4.717036E-07	1.996094E-05
2.638938E+00	2.834663E+00	1.400203E+00	3.106056E-01	4.784705E-07	1.991061E-05
2.659882E+00	2.933160E+00	1.407507E+00	2.641117E-01	4.832031E-07	1.993256E-05
