4.188790E-02	5.827178E+00	1.035173E+01	0.000000E+00	1.057390E-08	3.060047E-06
6.283185E-02	-6.505918E+00	1.612413E+01	7.188025E-03	2.123590E-08	2.973278E-06
8.377580E-02	-1.934260E+00	2.335199E+01	1.665573E-02	2.842505E-08	3.368267E-06
1.047198E-01	-3.485809E+00	3.098136E+01	1.108911E-02	4.342460E-08	3.304939E-06
1.256637E-01	-2.766096E+00	2.871900E+01	3.100919E-02	6.160959E-08	3.191355E-06
1.466077E-01	-1.290090E+00	2.108380E+01	1.054893E-01	6.936671E-08	3.373056E-06
1.675516E-01	-1.146922E+00	2.112911E+01	1.369923E-02	7.917450E-08	3.566231E-06
1.884956E-01	1.924827E-01	1.988505E+01	1.128774E-02	8.786586E-08	3.707811E-06
2.094395E-01	-1.008694E+00	1.943330E+01	2.494440E-02	1.044030E-07	3.311946E-06
2.303835E-01	-7.427415E-01	1.762088E+01	9.668616E-02	1.060648E-07	3.514787E-06
2.513274E-01	-1.551119E+00	1.763177E+01	6.660711E-02	1.117312E-07	3.456568E-06
2.722714E-01	-1.697754E+00	1.477142E+01	4.701459E-02	1.230644E-07	3.413245E-06
2.932153E-01	5.268365E-01	1.459742E+01	7.885757E-02	1.336972E-07	3.583804E-06
3.141593E-01	-1.118556E-01	1.411799E+01	6.232269E-02	1.452393E-07	3.349425E-06
3.351032E-01	-1.456550E+00	1.371051E+01	4.863132E-02	1.607352E-07	3.412625E-06
3.560472E-01	-5.633500E-01	1.265102E+01	2.661370E-02	1.619185E-07	3.465558E-06
3.769911E-01	3.701171E-01	1.218442E+01	4.829242E-02	1.737008E-07	3.354051E-06
3.979351E-01	9.589507E-01	1.258319E+01	3.491153E-02	1.754688E-07	3.353947E-06
4.188790E-01	-4.025003E-01	1.138356E+01	3.821455E-02	1.815407E-07	3.480954E-06
4.398230E-01	-4.221378E-01	1.102269E+01	3.691228E-02	1.922128E-07	3.393645E-06
4.607669E-01	-2.539518E-01	1.018976E+01	6.905182E-02	2.004156E-07	3.413922E-06
4.817109E-01	-6.034822E-01	1.011362E+01	6.035664E-02	2.041092E-07	3.375893E-06
5.026548E-01	-9.368403E-01	1.004191E+01	5.188517E-02	2.114575E-07	3.373121E-06
5.235988E-01	9.343327E-01	9.685671E+00	4.486529E-02	2.183650E-07	3.455406E-06
5.445427E-01	2.583854E-01	9.427201E+00	5.315779E-02	2.202452E-07	3.445019E-06
5.654867E-01	1.060416E+00	9.274811E+00	5.901303E-02	2.278064E-07	3.394835E-06
5.864306E-01	-3.495417E-01	8.522247E+00	5.655344E-02	2.309048E-07	3.406846E-06
6.073746E-01	-3.594847E-02	8.448420E+00	6.863332E-02	2.333890E-07	3.421384E-06
6.283185E-01	-3.724070E-01	8.359967E+00	4.892117E-02	2.417286E-07	3.407321E-06
6.492625E-01	1.085586E+00	8.031263E+00	4.129911E-02	2.455442E-07	3.436842E-06
6.702064E-01	7.766769E-02	8.157258E+00	3.753478E-02	2.502835E-07	3.455146E-06
6.911504E-01	5.303377E-01	8.405472E+00	6.550830E-02	2.498368E-07	3.410129E-06
7.120943E-01	7.956693E-01	7.753155E+00	6.012405E-02	2.600886E-07	3.458321E-06
7.330383E-01	3.194429E-01	7.362708E+00	7.905822E-02	2.641455E-07	3.387568E-06
7.539822E-01	4.264273E-01	7.465220E+00	5.335333E-02	2.643404E-07	3.440771E-06
7.749262E-01	1.533919E-01	6.882972E+00	5.631039E-02	2.657623E-07	3.498165E-06
7.958701E-01	1.159425E+00	7.297679E+00	3.743482E-02	2.706695E-07	3.481140E-06
8.168141E-01	9.262773E-01	7.003829E+00	5.015805E-02	2.738216E-07	3.406608E-06
8.377580E-01	6.674060E-01	6.897304E+00	6.972919E-02	2.769164E-07	3.422588E-06
8.587020E-01	8.445090E-01	6.683724E+00	3.981823E-02	2.786524E-07	3.402216E-06
8.796459E-01	6.887204E-01	6.467005E+00	4.862484E-02	2.806829E-07	3.461549E-06
9.005899E-01	3.984575E-01	6.364991E+00	5.026962E-02	2.791220E-07	3.390879E-06
9.215338E-01	1.149472E+00	6.534514E+00	3.712361E-02	2.853474E-07	3.385932E-06
9.424778E-01	1.036882E+00	6.509822E+00	6.196531E-02	2.906416E-07	3.314579E-06
9.634217E-01	1.035755E+00	6.352726E+00	6.788800E-02	2.878910E-07	3.434102E-06
9.843657E-01	9.652635E-01	6.339504E+00	5.152499E-02	2.896523E-07	3.418401E-06
1.005310E+00	5.757252E-01	6.365625E+00	7.160310E-02	2.927999E-07	3.351384E-06
1.026254E+00	9.368788E-01	6.208306E+00	4.040954E-02	2.939434E-07	3.412775E-06
1.047198E+00	8.542277E-01	6.271926E+00	6.488064E-02	2.986663E-07	3.462317E-06
1.068142E+00	7.404110E-01	6.206969E+00	7.602950E-02	2.987041E-07	3.480738E-06
1.089085E+00	1.316516E+00	5.877111E+00	5.704605E-02	2.985008E-07	3.414039E-06
1.110029E+00	1.253183E+00	6.105989E+00	4.940754E-02	2.984931E-07	3.452444E-06
1.130973E+00	1.398878E+00	5.884231E+00	5.337457E-02	3.001115E-07	3.420272E-06
1.151917E+00	1.380658E+00	5.919371E+00	3.786192E-02	2.984902E-07	3.446687E-06
1.172861E+00	1.056862E+00	5.932243E+00	6.025018E-02	3.031322E-07	3.421350E-06
1.193805E+00	1.242516E+00	5.804718E+00	4.701301E-02	3.044225E-07	3.451746E-06
1.214749E+00	1.181847E+00	5.696274E+00	6.902869E-02	3.041169E-07	3.424772E-06
1.235693E+00	1.351092E+00	5.727392E+00	5.595376E-02	3.054161E-07	3.404791E-06
1.256637E+00	1.903561E+00	5.800679E+00	4.784032E-02	3.018468E-07	3.395233E-06
1.277581E+00	1.285276E+00	5.682952E+00	6.759176E-02	3.027900E-07	3.431311E-06
1.298525E+00	1.117350E+00	5.658022E+00	4.689914E-02	3.039086E-07	3.427993E-06
1.319469E+00	1.423491E+00	5.714270E+00	6.287443E-02	3.032167E-07	3.387474E-06
1.340413E+00	1.655004E+00	5.535422E+00	5.400638E-02	3.036582E-07	3.442287E-06
1.361357E+00	1.419903E+00	5.602641E+00	5.185337E-02	3.081194E-07	3.391495E-06
1.382301E+00	1.534789E+00	5.484619E+00	6.664795E-02	3.065630E-07	3.410557E-06
1.403245E+00	1.204098E+00	5.491947E+00	7.220918E-02	3.035553E-07	3.431975E-06
1.424189E+00	1.289456E+00	5.470272E+00	6.066883E-02	3.045877E-07	3.398307E-06
1.445133E+00	1.513249E+00	5.436459E+00	6.575736E-02	3.055436E-07	3.445753E-06
1.466077E+00	1.359128E+00	5.344599E+00	6.747099E-02	3.000552E-07	3.419037E-06
1.487021E+00	2.228327E+00	5.427061E+00	6.660948E-02	3.042635E-07	3.449603E-06
1.507964E+00	1.659838E+00	5.334727E+00	8.528451E-02	3.031329E-07	3.427053E-06
1.528908E+00	1.985326E+00	5.398774E+00	5.288771E-02	3.030783E-07	3.433803E-06
1.549852E+00	1.835085E+00	5.423291E+00	8.420475E-02	3.022067E-07	3.433080E-06
1.570796E+00	2.213386E+00	5.428547E+00	6.288564E-02	3.014549E-07	3.436352E-06
1.591740E+00	1.902020E+00	5.241520E+00	6.035836E-02	3.027312E-07	3.431182E-06
1.612684E+00	2.096562E+00	5.313768E+00	6.673119E-02	2.978916E-07	3.444707E-06
1.633628E+00	2.239877E+00	5.339309E+00	6.445889E-02	2.988372E-07	3.444937E-06
1.654572E+00	2.247057E+00	5.229464E+00	6.359912E-02	2.975852E-07	3.489890E-06
1.675516E+00	2.153848E+00	5.329284E+00	7.418191E-02	2.966337E-07	3.440377E-06
1.696460E+00	2.296190E+00	5.222362E+00	8.046994E-02	2.967479E-07	3.456948E-06
1.717404E+00	2.144180E+00	5.281832E+00	7.685434E-02	2.969610E-07	3.434096E-06
1.738348E+00	2.444711E+00	5.288805E+00	5.953728E-02	2.988760E-07	3.457405E-06
1.759292E+00	2.470400E+00	5.306304E+00	6.533374E-02	2.973417E-07	3.475170E-06
1.780236E+00	2.438366E+00	5.258814E+00	7.254425E-02	2.951506E-07	3.458767E-06
1.801180E+00	2.204265E+00	5.178715E+00	6.557977E-02	2.949689E-07	3.446860E-06
1.822124E+00	2.264092E+00	5.182847E+00	6.915653E-02	2.951182E-07	3.487759E-06
1.843068E+00	2.510914E+00	5.273676E+00	7.647587E-02	2.950431E-07	3.463575E-06
1.864012E+00	2.422819E+00	5.270587E+00	6.388528E-02	2.949147E-07	3.447740E-06
1.884956E+00	2.534511E+00	5.193620E+00	7.180326E-02	2.918212E-07	3.483228E-06
1.905900E+00	2.728823E+00	5.205469E+00	6.286805E-02	2.926555E-07	3.473119E-06
1.926843E+00	2.642903E+00	5.117405E+00	6.557796E-02	2.944016E-07	3.439213E-06
1.947787E+00	2.657873E+00	5.257827E+00	8.740478E-02	2.905111E-07	3.493614E-06
1.968731E+00	2.678343E+00	5.242456E+00	7.279706E-02	2.933960E-07	3.489028E-06
1.989675E+00	2.904153E+00	5.285547E+00	9.773810E-02	2.916007E-07	3.471874E-06
2.010619E+00	2.875739E+00	5.252154E+00	8.768272E-02	2.908575E-07	3.481501E-06
2.031563E+00	3.015436E+00	5.296649E+00	7.807930E-02	2.918371E-07	3.501691E-06
2.052507E+00	3.240724E+00	5.294142E+00	6.123044E-02	2.915028E-07	3.496278E-06
2.073451E+00	3.491514E+00	5.293979E+00	8.121972E-02	2.911946E-07	3.499861E-06
2.094395E+00	3.632167E+00	5.378463E+00	7.684808E-02	2.906248E-07	3.489358E-06
2.115339E+00	3.880707E+00	5.384506E+00	5.717834E-02	2.896570E-07	3.506892E-06
2.136283E+00	3.713983E+00	5.389012E+00	8.060681E-02	2.883443E-07	3.512399E-06
2.157227E+00	3.623628E+00	5.420107E+00	5.642833E-02	2.901799E-07	3.536100E-06
2.178171E+00	3.898871E+00	5.503818E+00	7.756685E-02	2.924361E-07	3.563726E-06
2.199115E+00	3.959313E+00	5.472196E+00	5.782806E-02	2.945944E-07	3.535802E-06
2.220059E+00	3.860674E+00	5.534877E+00	6.747942E-02	2.926015E-07	3.536817E-06
2.241003E+00	4.079964E+00	5.555314E+00	7.606243E-02	2.914726E-07	3.573879E-06
2.261947E+00	4.170119E+00	5.645592E+00	7.782723E-02	2.927456E-07	3.555999E-06
2.282891E+00	4.467099E+00	5.681206E+00	7.744781E-02	2.947365E-07	3.558073E-06
2.303835E+00	5.159585E+00	5.786875E+00	5.851968E-02	2.949816E-07	3.589656E-06
2.324779E+00	5.245312E+00	5.912277E+00	6.635568E-02	2.939785E-07	3.553633E-06
2.345723E+00	5.752552E+00	6.010739E+00	1.084604E-01	2.949264E-07	3.586721E-06
2.366666E+00	5.896185E+00	6.192652E+00	1.013090E-01	2.955014E-07	3.586842E-06
2.387610E+00	6.398607E+00	6.326848E+00	8.088479E-02	2.983169E-07	3.626345E-06
2.408554E+00	7.239331E+00	6.688393E+00	8.993278E-02	2.982593E-07	3.608386E-06
2.429498E+00	8.855682E+00	7.176049E+00	1.419987E-01	2.978359E-07	3.650313E-06
2.450442E+00	9.528964E+00	7.282396E+00	1.152883E-01	2.991444E-07	3.622303E-06
2.471386E+00	1.019864E+01	7.538985E+00	1.497371E-01	3.020577E-07	3.634313E-06
2.492330E+00	1.087919E+01	7.724456E+00	1.615128E-01	3.043288E-07	3.677732E-06
2.513274E+00	1.100220E+01	7.852166E+00	1.637090E-01	3.028521E-07	3.660218E-06
2.534218E+00	1.161756E+01	7.858000E+00	1.567368E-01	3.061431E-07	3.671473E-06
2.555162E+00	1.194179E+01	8.059260E+00	1.923554E-01	3.061498E-07	3.681478E-06
2.576106E+00	1.275231E+01	8.190106E+00	2.075800E-01	3.089448E-07	3.716559E-06
2.597050E+00	1.289842E+01	8.253133E+00	2.037125E-01	3.126697E-07	3.718352E-06
2.617994E+00	1.319001E+01	8.218635E+00	1.713030E-01	3.128880E-07	3.729967E-06
2.638938E+00	1.361652E+01	8.351376E+00	1.847419E-01	3.138114E-07	3.742683E-06
2.659882E+00	1.433128E+01	8.533353E+00	1.959182E-01	3.170603E-07	3.750358E-06
