4.188790E-02	1.820954E+01	3.469051E+01	0.000000E+00	1.377045E-05	1.940472E-02
6.283185E-02	5.333559E+00	5.554210E+01	2.558024E-02	2.748466E-05	1.885100E-02
8.377580E-02	1.067143E+01	8.092937E+01	1.711363E-03	3.760967E-05	2.121463E-02
1.047198E-01	3.914915E+01	1.195899E+02	5.924694E-02	5.676250E-05	2.096481E-02
1.256637E-01	4.768532E+01	1.432613E+02	6.783781E-02	8.008434E-05	2.007849E-02
1.466077E-01	6.996695E+01	2.060099E+02	1.172572E-01	9.059929E-05	2.154733E-02
1.675516E-01	4.321736E+01	2.354265E+02	2.401328E-02	1.030313E-04	2.249250E-02
1.884956E-01	4.481726E+01	2.696160E+02	5.310638E-02	1.142124E-04	2.327892E-02
2.094395E-01	1.229005E+02	3.239455E+02	4.437102E-02	1.352950E-04	2.087174E-02
2.303835E-01	9.357314E+01	3.317085E+02	3.572543E-02	1.357734E-04	2.217668E-02
2.513274E-01	9.338965E+01	4.018118E+02	1.079376E-01	1.460201E-04	2.159224E-02
2.722714E-01	1.006857E+02	4.204572E+02	6.458421E-02	1.609948E-04	2.202519E-02
2.932153E-01	1.158103E+02	4.654197E+02	3.692624E-02	1.747081E-04	2.280074E-02
3.141593E-01	9.894003E+01	4.477200E+02	7.494848E-02	1.853903E-04	2.140381E-02
3.351032E-01	1.734875E+02	5.864838E+02	7.760299E-02	2.088603E-04	2.220689E-02
3.560472E-01	1.348905E+02	5.381555E+02	8.139926E-02	2.082707E-04	2.196657E-02
3.769911E-01	2.128320E+02	5.870738E+02	3.505869E-02	2.228839E-04	2.157084E-02
3.979351E-01	8.914634E+01	5.975316E+02	3.211873E-02	2.293815E-04	2.116094E-02
4.188790E-01	1.077174E+02	5.574290E+02	7.136909E-02	2.328847E-04	2.181841E-02
4.398230E-01	1.723453E+02	6.216926E+02	2.969823E-02	2.455633E-04	2.143911E-02
4.607669E-01	1.297979E+02	6.629283E+02	6.629331E-02	2.632501E-04	2.138186E-02
4.817109E-01	1.235893E+02	6.541967E+02	4.003562E-02	2.728892E-04	2.157689E-02
5.026548E-01	1.732114E+02	6.902464E+02	4.928373E-02	2.723690E-04	2.150755E-02
5.235988E-01	2.516926E+02	7.398198E+02	3.447174E-02	2.888678E-04	2.198759E-02
5.445427E-01	1.168597E+02	7.039700E+02	5.325100E-02	2.883266E-04	2.172576E-02
5.654867E-01	1.667670E+02	7.520008E+02	5.586512E-02	2.996727E-04	2.142775E-02
5.864306E-01	1.883035E+02	7.443285E+02	7.296816E-02	3.056887E-04	2.132674E-02
6.073746E-01	2.225241E+02	7.502729E+02	4.691472E-02	3.098655E-04	2.152102E-02
6.283185E-01	1.556750E+02	8.053691E+02	6.081859E-02	3.268417E-04	2.200514E-02
6.492625E-01	2.774842E+02	7.978007E+02	5.096700E-02	3.281281E-04	2.169566E-02
6.702064E-01	1.944100E+02	8.449172E+02	5.639774E-02	3.412582E-04	2.232040E-02
6.911504E-01	2.093747E+02	8.197351E+02	5.157140E-02	3.363446E-04	2.155769E-02
7.120943E-01	2.947494E+02	8.552788E+02	5.362959E-02	3.552668E-04	2.215439E-02
7.330383E-01	2.753084E+02	8.994451E+02	3.762987E-02	3.645829E-04	2.188020E-02
7.539822E-01	2.184950E+02	8.747630E+02	5.589013E-02	3.689609E-04	2.176704E-02
7.749262E-01	2.793239E+02	8.779342E+02	5.315461E-02	3.751693E-04	2.172777E-02
7.958701E-01	2.873734E+02	8.887584E+02	6.699145E-02	3.851028E-04	2.178188E-02
8.168141E-01	2.807110E+02	8.969823E+02	5.356462E-02	3.857194E-04	2.142543E-02
8.377580E-01	3.561245E+02	9.340621E+02	7.344585E-02	3.975339E-04	2.176338E-02
8.587020E-01	2.472316E+02	8.925720E+02	6.988358E-02	4.014513E-04	2.151018E-02
8.796459E-01	2.583351E+02	9.556022E+02	5.358773E-02	4.243402E-04	2.177572E-02
9.005899E-01	3.087926E+02	9.703031E+02	6.950114E-02	4.228079E-04	2.215232E-02
9.215338E-01	3.107211E+02	9.636713E+02	6.628136E-02	4.303318E-04	2.156370E-02
9.424778E-01	4.198195E+02	9.928609E+02	5.084937E-02	4.385264E-04	2.175058E-02
9.634217E-01	4.518674E+02	1.005162E+03	5.510493E-02	4.431280E-04	2.194801E-02
9.843657E-01	4.487711E+02	1.017381E+03	7.239959E-02	4.503692E-04	2.178093E-02
1.005310E+00	3.852266E+02	1.014633E+03	6.883530E-02	4.699266E-04	2.144080E-02
1.026254E+00	4.151893E+02	1.041328E+03	5.050524E-02	4.776520E-04	2.176876E-02
1.047198E+00	4.242291E+02	1.074542E+03	6.765701E-02	4.870383E-04	2.205902E-02
1.068142E+00	4.994708E+02	1.066326E+03	1.026680E-01	4.912138E-04	2.212125E-02
1.089085E+00	5.147396E+02	1.087832E+03	8.399417E-02	4.944203E-04	2.215292E-02
1.110029E+00	5.422398E+02	1.056291E+03	6.743982E-02	4.977493E-04	2.184228E-02
1.130973E+00	5.659150E+02	1.080775E+03	9.539048E-02	5.105509E-04	2.207511E-02
1.151917E+00	5.397747E+02	1.092600E+03	6.203109E-02	5.206363E-04	2.198287E-02
1.172861E+00	6.153282E+02	1.106151E+03	7.413978E-02	5.354155E-04	2.213551E-02
1.193805E+00	6.072652E+02	1.095977E+03	9.701075E-02	5.384933E-04	2.178253E-02
1.214749E+00	6.160585E+02	1.113758E+03	1.066878E-01	5.499626E-04	2.191760E-02
1.235693E+00	6.396124E+02	1.111525E+03	8.651810E-02	5.527700E-04	2.175226E-02
1.256637E+00	6.545033E+02	1.096424E+03	9.459082E-02	5.584667E-04	2.211674E-02
1.277581E+00	6.206597E+02	1.117832E+03	7.005654E-02	5.701298E-04	2.218511E-02
1.298525E+00	7.001898E+02	1.123223E+03	1.118602E-01	5.731908E-04	2.211238E-02
1.319469E+00	6.797126E+02	1.131488E+03	8.715996E-02	5.848507E-04	2.253587E-02
1.340413E+00	7.242578E+02	1.120483E+03	8.307156E-02	5.893776E-04	2.212040E-02
1.361357E+00	8.095259E+02	1.133134E+03	8.714759E-02	6.048794E-04	2.220618E-02
1.382301E+00	8.075225E+02	1.119404E+03	8.296398E-02	6.096299E-04	2.214880E-02
1.403245E+00	7.607734E+02	1.118324E+03	1.044986E-01	6.055873E-04	2.233884E-02
1.424189E+00	8.270946E+02	1.120982E+03	9.188174E-02	6.199262E-04	2.246723E-02
1.445133E+00	8.493120E+02	1.114625E+03	8.423242E-02	6.269107E-04	2.248617E-02
1.466077E+00	8.547232E+02	1.120716E+03	8.962305E-02	6.344592E-04	2.256020E-02
1.487021E+00	8.618475E+02	1.104281E+03	6.384041E-02	6.455204E-04	2.250577E-02
1.507964E+00	8.467629E+02	1.105537E+03	8.722811E-02	6.469961E-04	2.277502E-02
1.528908E+00	8.502725E+02	1.084464E+03	8.428829E-02	6.531066E-04	2.259239E-02
1.549852E+00	9.125498E+02	1.088136E+03	8.383932E-02	6.656567E-04	2.288741E-02
1.570796E+00	9.307033E+02	1.092586E+03	8.712048E-02	6.698613E-04	2.278244E-02
1.591740E+00	8.943356E+02	1.075842E+03	6.591768E-02	6.728017E-04	2.281118E-02
1.612684E+00	8.979746E+02	1.084336E+03	9.895252E-02	6.785737E-04	2.289936E-02
1.633628E+00	9.622422E+02	1.082964E+03	8.790927E-02	6.831570E-04	2.300833E-02
1.654572E+00	9.427434E+02	1.074815E+03	7.841510E-02	6.904938E-04	2.280781E-02
1.675516E+00	9.665291E+02	1.050183E+03	7.210131E-02	6.975846E-04	2.297503E-02
1.696460E+00	9.775725E+02	1.052213E+03	9.387489E-02	7.029018E-04	2.313207E-02
1.717404E+00	9.757629E+02	1.041545E+03	5.631754E-02	7.072862E-04	2.296510E-02
1.738348E+00	8.847895E+02	1.036946E+03	7.208717E-02	7.127916E-04	2.314104E-02
1.759292E+00	1.003422E+03	1.013219E+03	6.738456E-02	7.160963E-04	2.318747E-02
1.780236E+00	9.909501E+02	1.010617E+03	6.370360E-02	7.301404E-04	2.301106E-02
1.801180E+00	1.057056E+03	1.009102E+03	6.199915E-02	7.283863E-04	2.317113E-02
1.822124E+00	1.000044E+03	9.929119E+02	5.677105E-02	7.339046E-04	2.334646E-02
1.843068E+00	9.885177E+02	9.831829E+02	4.510193E-02	7.432084E-04	2.346222E-02
1.864012E+00	9.485058E+02	9.771412E+02	4.726044E-02	7.486541E-04	2.338046E-02
1.884956E+00	1.048663E+03	9.581813E+02	7.301672E-02	7.489354E-04	2.343470E-02
1.905900E+00	1.058788E+03	9.450421E+02	5.014409E-02	7.547071E-04	2.373928E-02
1.926843E+00	1.033662E+03	9.360823E+02	4.142036E-02	7.584292E-04	2.359551E-02
1.947787E+00	1.030697E+03	9.214073E+02	6.618121E-02	7.588164E-04	2.384208E-02
1.968731E+00	1.106225E+03	9.259806E+02	6.347917E-02	7.662217E-04	2.386144E-02
1.989675E+00	1.076356E+03	9.045317E+02	5.748734E-02	7.720487E-04	2.368116E-02
2.010619E+00	1.047178E+03	9.096406E+02	6.625493E-02	7.779022E-04	2.387761E-02
2.031563E+00	1.093655E+03	8.857134E+02	5.031863E-02	7.814666E-04	2.386085E-02
2.052507E+00	1.087389E+03	8.829589E+02	7.120162E-02	7.883861E-04	2.381289E-02
2.073451E+00	1.101654E+03	8.738546E+02	5.821879E-02	7.869943E-04	2.372836E-02
2.094395E+00	1.080863E+03	8.633884E+02	5.824696E-02	7.992222E-04	2.396317E-02
2.115339E+00	1.066386E+03	8.404847E+02	6.272393E-02	7.994092E-04	2.399793E-02
2.136283E+00	1.100086E+03	8.414553E+02	5.606424E-02	8.028313E-04	2.409534E-02
2.157227E+00	1.101329E+03	8.385631E+02	6.979079E-02	8.123497E-04	2.394965E-02
2.178171E+00	1.103381E+03	8.331131E+02	8.041766E-02	8.217136E-04	2.421222E-02
2.199115E+00	1.136558E+03	8.223260E+02	7.505916E-02	8.238134E-04	2.434644E-02
2.220059E+00	1.166543E+03	8.082862E+02	6.868451E-02	8.294979E-04	2.415265E-02
2.241003E+00	1.147467E+03	8.005088E+02	8.301119E-02	8.259733E-04	2.416191E-02
2.261947E+00	1.155700E+03	7.986752E+02	1.093544E-01	8.398954E-04	2.455128E-02
2.282891E+00	1.239471E+03	8.000970E+02	1.138502E-01	8.460653E-04	2.491462E-02
2.303835E+00	1.182159E+03	7.842361E+02	9.668156E-02	8.528549E-04	2.453625E-02
2.324779E+00	1.204752E+03	7.807373E+02	1.154354E-01	8.512433E-04	2.469770E-02
2.345723E+00	1.214733E+03	7.637427E+02	1.173335E-01	8.557244E-04	2.423840E-02
2.366666E+00	1.276829E+03	7.675011E+02	9.785543E-02	8.698577E-04	2.481752E-02
2.387610E+00	1.286091E+03	7.627431E+02	1.347695E-01	8.751551E-04	2.468985E-02
2.408554E+00	1.331091E+03	7.579340E+02	1.494417E-01	8.799902E-04	2.490287E-02
2.429498E+00	1.430660E+03	7.730219E+02	1.571474E-01	8.845760E-04	2.477078E-02
2.450442E+00	1.424327E+03	7.714568E+02	1.489277E-01	8.890299E-04	2.478087E-02
2.471386E+00	1.441083E+03	7.768045E+02	2.027782E-01	8.992016E-04	2.485414E-02
2.492330E+00	1.478726E+03	7.743590E+02	1.849055E-01	9.044597E-04	2.504204E-02
2.513274E+00	1.516987E+03	7.756686E+02	2.002011E-01	9.038735E-04	2.484642E-02
2.534218E+00	1.531119E+03	7.704897E+02	2.186485E-01	9.194148E-04	2.539850E-02
2.555162E+00	1.564653E+03	7.623429E+02	1.969962E-01	9.253460E-04	2.513283E-02
2.576106E+00	1.597304E+03	7.587937E+02	2.157367E-01	9.316883E-04	2.509482E-02
2.597050E+00	1.652221E+03	7.609651E+02	2.909923E-01	9.409727E-04	2.536737E-02
2.617994E+00	1.698574E+03	7.647399E+02	2.825207E-01	9.514162E-04	2.552012E-02
2.638938E+00	1.719138E+03	7.638055E+02	2.736533E-01	9.580604E-04	2.571967E-02
2.659882E+00	1.788947E+03	7.676139E+02	3.129448E-01	9.748989E-04	2.576614E-02
