4.188790E-02	2.664582E+00	6.230962E+00	0.000000E+00	6.717869E-06	1.108309E-02
6.283185E-02	-3.160777E+00	1.220041E+01	1.704429E-02	1.339498E-05	1.076302E-02
8.377580E-02	5.849938E-01	1.871758E+01	9.674557E-03	1.838508E-05	1.212068E-02
1.047198E-01	-1.438948E+00	2.674985E+01	5.938318E-03	2.770139E-05	1.196515E-02
1.256637E-01	3.168246E+00	3.227561E+01	2.518161E-02	3.906466E-05	1.145630E-02
1.466077E-01	2.829288E+00	3.841701E+01	5.187436E-02	4.414287E-05	1.230113E-02
1.675516E-01	1.437448E+00	4.505540E+01	1.825713E-02	5.024051E-05	1.284064E-02
1.884956E-01	-3.486929E+00	4.692527E+01	5.481387E-02	5.577633E-05	1.329285E-02
2.094395E-01	1.151541E+01	5.224095E+01	6.874661E-02	6.607033E-05	1.193651E-02
2.303835E-01	8.699858E+00	5.143822E+01	1.996093E-02	6.617143E-05	1.268049E-02
2.513274E-01	5.703026E+00	5.492078E+01	1.740055E-01	7.145995E-05	1.229309E-02
2.722714E-01	1.044186E+01	6.221761E+01	1.127268E-01	7.863477E-05	1.260143E-02
2.932153E-01	1.111700E+01	6.760482E+01	4.726586E-02	8.539782E-05	1.300732E-02
3.141593E-01	3.642046E+00	5.992718E+01	8.239270E-02	9.045590E-05	1.219103E-02
3.351032E-01	2.023655E+01	7.707484E+01	4.745225E-02	1.022423E-04	1.265499E-02
3.560472E-01	1.263259E+01	6.935872E+01	7.684332E-02	1.017558E-04	1.247507E-02
3.769911E-01	1.712389E+01	7.339144E+01	2.263075E-02	1.091280E-04	1.235608E-02
3.979351E-01	5.633115E+00	7.194633E+01	4.112632E-02	1.124324E-04	1.206370E-02
4.188790E-01	1.094313E+01	6.867039E+01	5.868659E-02	1.146184E-04	1.248205E-02
4.398230E-01	1.316302E+01	7.280448E+01	4.684639E-02	1.204025E-04	1.221089E-02
4.607669E-01	5.317161E+00	7.849244E+01	7.027391E-02	1.297911E-04	1.222431E-02
4.817109E-01	1.225581E+01	8.088015E+01	3.355590E-02	1.348595E-04	1.231250E-02
5.026548E-01	1.823886E+01	7.667624E+01	6.329138E-02	1.340642E-04	1.229062E-02
5.235988E-01	2.665259E+01	8.621794E+01	2.624431E-02	1.421328E-04	1.252985E-02
5.445427E-01	1.201202E+01	8.200505E+01	5.726186E-02	1.436819E-04	1.232113E-02
5.654867E-01	1.644837E+01	8.304430E+01	4.770635E-02	1.489863E-04	1.228539E-02
5.864306E-01	1.753317E+01	8.350402E+01	7.556231E-02	1.522368E-04	1.218693E-02
6.073746E-01	1.813674E+01	8.355298E+01	4.780716E-02	1.546773E-04	1.239104E-02
6.283185E-01	2.105883E+01	9.169956E+01	6.628127E-02	1.631373E-04	1.252084E-02
6.492625E-01	2.355565E+01	8.709143E+01	5.425325E-02	1.640351E-04	1.232049E-02
6.702064E-01	2.113847E+01	9.388920E+01	5.021835E-02	1.720364E-04	1.267446E-02
6.911504E-01	2.733663E+01	8.680975E+01	4.825118E-02	1.706222E-04	1.219771E-02
7.120943E-01	3.380736E+01	9.394336E+01	6.196307E-02	1.804658E-04	1.265763E-02
7.330383E-01	2.839935E+01	9.593859E+01	4.488885E-02	1.852287E-04	1.243696E-02
7.539822E-01	2.141757E+01	9.390224E+01	4.121288E-02	1.874959E-04	1.240366E-02
7.749262E-01	3.167367E+01	9.413011E+01	7.085027E-02	1.917924E-04	1.248539E-02
7.958701E-01	3.268853E+01	9.388603E+01	5.321473E-02	1.978159E-04	1.238164E-02
8.168141E-01	2.874537E+01	9.172170E+01	6.215479E-02	1.989518E-04	1.232301E-02
8.377580E-01	4.115208E+01	9.823759E+01	8.341842E-02	2.049393E-04	1.243529E-02
8.587020E-01	2.776244E+01	9.302566E+01	4.449996E-02	2.075066E-04	1.230695E-02
8.796459E-01	3.372417E+01	9.920074E+01	6.297224E-02	2.210945E-04	1.238679E-02
9.005899E-01	3.908163E+01	1.006895E+02	6.882755E-02	2.202790E-04	1.252482E-02
9.215338E-01	3.901530E+01	9.922588E+01	6.179600E-02	2.231309E-04	1.235133E-02
9.424778E-01	4.297792E+01	9.971851E+01	5.507042E-02	2.261050E-04	1.235071E-02
9.634217E-01	5.280963E+01	1.019577E+02	6.937567E-02	2.308771E-04	1.243485E-02
9.843657E-01	5.222598E+01	1.035329E+02	7.068475E-02	2.372647E-04	1.248156E-02
1.005310E+00	4.717668E+01	1.031402E+02	7.259397E-02	2.453432E-04	1.225494E-02
1.026254E+00	4.741553E+01	1.065902E+02	7.788060E-02	2.512002E-04	1.251596E-02
1.047198E+00	4.795533E+01	1.093916E+02	7.864181E-02	2.552730E-04	1.261726E-02
1.068142E+00	6.135064E+01	1.091108E+02	1.103179E-01	2.575251E-04	1.269414E-02
1.089085E+00	6.369093E+01	1.089109E+02	7.376160E-02	2.622926E-04	1.270119E-02
1.110029E+00	6.519248E+01	1.067545E+02	9.018881E-02	2.635060E-04	1.254930E-02
1.130973E+00	6.810101E+01	1.088279E+02	1.152451E-01	2.694717E-04	1.261880E-02
1.151917E+00	6.407162E+01	1.102885E+02	7.311265E-02	2.754801E-04	1.270327E-02
1.172861E+00	6.984783E+01	1.102172E+02	8.488668E-02	2.822435E-04	1.262350E-02
1.193805E+00	7.200742E+01	1.108793E+02	9.993196E-02	2.864155E-04	1.261271E-02
1.214749E+00	7.727317E+01	1.108922E+02	9.694039E-02	2.920086E-04	1.255078E-02
1.235693E+00	7.819107E+01	1.113868E+02	1.137978E-01	2.948409E-04	1.258806E-02
1.256637E+00	7.859725E+01	1.110873E+02	1.550714E-01	2.975466E-04	1.271491E-02
1.277581E+00	7.983988E+01	1.118999E+02	9.108921E-02	3.036865E-04	1.269500E-02
1.298525E+00	9.271434E+01	1.120846E+02	1.449398E-01	3.054391E-04	1.272872E-02
1.319469E+00	8.327910E+01	1.140131E+02	1.122404E-01	3.100702E-04	1.290598E-02
1.340413E+00	8.968057E+01	1.122431E+02	1.204424E-01	3.142573E-04	1.269151E-02
1.361357E+00	1.001015E+02	1.139895E+02	1.257400E-01	3.215367E-04	1.285479E-02
1.382301E+00	1.029456E+02	1.133042E+02	1.527958E-01	3.251609E-04	1.273616E-02
1.403245E+00	9.528328E+01	1.122889E+02	1.350806E-01	3.224164E-04	1.282438E-02
1.424189E+00	1.014973E+02	1.141590E+02	1.541347E-01	3.306215E-04	1.292643E-02
1.445133E+00	1.017466E+02	1.123162E+02	1.488052E-01	3.317879E-04	1.293232E-02
1.466077E+00	1.047930E+02	1.144567E+02	1.394225E-01	3.368797E-04	1.305375E-02
1.487021E+00	1.081204E+02	1.137840E+02	1.255509E-01	3.440426E-04	1.286901E-02
1.507964E+00	1.097866E+02	1.153564E+02	1.579129E-01	3.455433E-04	1.312017E-02
1.528908E+00	1.086905E+02	1.131109E+02	1.649310E-01	3.450829E-04	1.311467E-02
1.549852E+00	1.103818E+02	1.151311E+02	1.369097E-01	3.519878E-04	1.320229E-02
1.570796E+00	1.115829E+02	1.130112E+02	1.786843E-01	3.520158E-04	1.313407E-02
1.591740E+00	1.132171E+02	1.115179E+02	1.695083E-01	3.531343E-04	1.306993E-02
1.612684E+00	1.145156E+02	1.128171E+02	2.010005E-01	3.603001E-04	1.315513E-02
1.633628E+00	1.176091E+02	1.125782E+02	1.955842E-01	3.631225E-04	1.314050E-02
1.654572E+00	1.146264E+02	1.110557E+02	1.396761E-01	3.664577E-04	1.307993E-02
1.675516E+00	1.231869E+02	1.108898E+02	1.792167E-01	3.680551E-04	1.318795E-02
1.696460E+00	1.219174E+02	1.121550E+02	1.977865E-01	3.718415E-04	1.322984E-02
1.717404E+00	1.228499E+02	1.110239E+02	1.660829E-01	3.735700E-04	1.331186E-02
1.738348E+00	1.189449E+02	1.103741E+02	1.487128E-01	3.763899E-04	1.326329E-02
1.759292E+00	1.274010E+02	1.102517E+02	1.763236E-01	3.810096E-04	1.339424E-02
1.780236E+00	1.229358E+02	1.088401E+02	1.714492E-01	3.840915E-04	1.318746E-02
1.801180E+00	1.297061E+02	1.088632E+02	2.030248E-01	3.840273E-04	1.335882E-02
1.822124E+00	1.292034E+02	1.089374E+02	1.854785E-01	3.877564E-04	1.342242E-02
1.843068E+00	1.298537E+02	1.080060E+02	1.718347E-01	3.920491E-04	1.336002E-02
1.864012E+00	1.232584E+02	1.068837E+02	1.733872E-01	3.941607E-04	1.335877E-02
1.884956E+00	1.336343E+02	1.077764E+02	1.850935E-01	3.946008E-04	1.352228E-02
1.905900E+00	1.303891E+02	1.067728E+02	1.786709E-01	3.976592E-04	1.360600E-02
1.926843E+00	1.300247E+02	1.058322E+02	1.676415E-01	3.973614E-04	1.354139E-02
1.947787E+00	1.349686E+02	1.061481E+02	2.084851E-01	4.026813E-04	1.364550E-02
1.968731E+00	1.381318E+02	1.052117E+02	2.200984E-01	4.052103E-04	1.358599E-02
1.989675E+00	1.381697E+02	1.045926E+02	2.087896E-01	4.074095E-04	1.362488E-02
2.010619E+00	1.345608E+02	1.041692E+02	1.880663E-01	4.096254E-04	1.362284E-02
2.031563E+00	1.318106E+02	1.029464E+02	1.987576E-01	4.090180E-04	1.368334E-02
2.052507E+00	1.398428E+02	1.042515E+02	2.088720E-01	4.174725E-04	1.371586E-02
2.073451E+00	1.342371E+02	1.016175E+02	1.863512E-01	4.173376E-04	1.357694E-02
2.094395E+00	1.428735E+02	1.033661E+02	1.917785E-01	4.234983E-04	1.374895E-02
2.115339E+00	1.330170E+02	1.012654E+02	1.984768E-01	4.181838E-04	1.379133E-02
2.136283E+00	1.398640E+02	1.010663E+02	2.081360E-01	4.244676E-04	1.383581E-02
2.157227E+00	1.332201E+02	9.998948E+01	1.742300E-01	4.241820E-04	1.377538E-02
2.178171E+00	1.321293E+02	1.008118E+02	1.822989E-01	4.323004E-04	1.384218E-02
2.199115E+00	1.403788E+02	9.979128E+01	1.861156E-01	4.332437E-04	1.390341E-02
2.220059E+00	1.435227E+02	9.880467E+01	1.908660E-01	4.358729E-04	1.383784E-02
2.241003E+00	1.353687E+02	9.719603E+01	1.744748E-01	4.345616E-04	1.380467E-02
2.261947E+00	1.430393E+02	9.834262E+01	1.841866E-01	4.408305E-04	1.395840E-02
2.282891E+00	1.461531E+02	9.881898E+01	1.890508E-01	4.430637E-04	1.413077E-02
2.303835E+00	1.405018E+02	9.755264E+01	1.713176E-01	4.467149E-04	1.403506E-02
2.324779E+00	1.419511E+02	9.620728E+01	1.971960E-01	4.452913E-04	1.405511E-02
2.345723E+00	1.410796E+02	9.649133E+01	1.869672E-01	4.508829E-04	1.400075E-02
2.366666E+00	1.487534E+02	9.650917E+01	1.941329E-01	4.572233E-04	1.410262E-02
2.387610E+00	1.460199E+02	9.509644E+01	1.776487E-01	4.560893E-04	1.403035E-02
2.408554E+00	1.460434E+02	9.549731E+01	1.885376E-01	4.611190E-04	1.410720E-02
2.429498E+00	1.565496E+02	9.808037E+01	1.837929E-01	4.657743E-04	1.408347E-02
2.450442E+00	1.546795E+02	9.830980E+01	1.690378E-01	4.675973E-04	1.416289E-02
2.471386E+00	1.620851E+02	9.885258E+01	1.753609E-01	4.743487E-04	1.423192E-02
2.492330E+00	1.575152E+02	9.871574E+01	1.692814E-01	4.770524E-04	1.433874E-02
2.513274E+00	1.603337E+02	9.770189E+01	1.848621E-01	4.769133E-04	1.426866E-02
2.534218E+00	1.641400E+02	9.883322E+01	1.628617E-01	4.840566E-04	1.444588E-02
2.555162E+00	1.678254E+02	9.791386E+01	1.752584E-01	4.887964E-04	1.437044E-02
2.576106E+00	1.683919E+02	9.772110E+01	1.800502E-01	4.917135E-04	1.444478E-02
2.597050E+00	1.690219E+02	9.723729E+01	1.696898E-01	4.958920E-04	1.435040E-02
2.617994E+00	1.719599E+02	9.855839E+01	1.903275E-01	5.011337E-04	1.461110E-02
2.638938E+00	1.794166E+02	9.750906E+01	1.815405E-01	5.070619E-04	1.457585E-02
2.659882E+00	1.776404E+02	9.836317E+01	1.891400E-01	5.123556E-04	1.465882E-02
