4.188790E-02	9.709479E+00	3.155812E+01	0.000000E+00	8.998542E-08	3.175989E-05
6.283185E-02	-1.579825E+01	4.162277E+01	1.151891E-02	1.804879E-07	3.087051E-05
8.377580E-02	2.263385E+00	5.475327E+01	2.204065E-02	2.424992E-07	3.491445E-05
1.047198E-01	5.061706E+00	6.863395E+01	1.907077E-02	3.698531E-07	3.430905E-05
1.256637E-01	-1.650494E+01	8.468645E+01	2.744385E-02	5.242187E-07	3.307405E-05
1.466077E-01	-1.517160E+01	6.133537E+01	1.098362E-02	5.904712E-07	3.504474E-05
1.675516E-01	-1.022054E+01	6.807187E+01	5.494472E-02	6.732847E-07	3.700750E-05
1.884956E-01	-8.928950E+00	6.065645E+01	1.559146E-02	7.477577E-07	3.841039E-05
2.094395E-01	9.262791E+00	5.619633E+01	2.443482E-02	8.876069E-07	3.436667E-05
2.303835E-01	-5.231410E-01	4.717467E+01	1.889911E-02	8.989817E-07	3.648195E-05
2.513274E-01	1.867285E+00	4.884929E+01	7.041443E-02	9.499077E-07	3.577022E-05
2.722714E-01	5.839289E+00	4.582164E+01	5.952897E-02	1.045963E-06	3.548262E-05
2.932153E-01	3.674797E+00	4.586188E+01	3.003857E-02	1.136618E-06	3.720163E-05
3.141593E-01	8.073581E-01	3.788708E+01	5.179712E-02	1.231319E-06	3.482627E-05
3.351032E-01	3.837726E+00	4.141306E+01	3.646342E-02	1.367052E-06	3.556888E-05
3.560472E-01	2.956715E+00	3.934500E+01	8.066597E-02	1.371715E-06	3.601368E-05
3.769911E-01	1.988213E+00	3.756165E+01	3.249723E-02	1.469104E-06	3.484567E-05
3.979351E-01	2.376555E+00	3.418531E+01	3.040849E-02	1.487701E-06	3.475108E-05
4.188790E-01	6.265144E+00	3.656838E+01	4.465582E-02	1.536729E-06	3.609490E-05
4.398230E-01	7.144481E+00	3.406288E+01	5.768891E-02	1.623938E-06	3.526558E-05
4.607669E-01	3.868018E-01	3.133798E+01	3.265655E-02	1.696039E-06	3.539552E-05
4.817109E-01	2.137663E+00	3.117388E+01	4.253818E-02	1.736026E-06	3.505038E-05
5.026548E-01	1.828538E+00	3.188758E+01	3.249270E-02	1.785919E-06	3.506635E-05
5.235988E-01	-1.201429E+00	2.959249E+01	7.247324E-02	1.852194E-06	3.601842E-05
5.445427E-01	4.035189E-02	2.818632E+01	6.583752E-02	1.859737E-06	3.584538E-05
5.654867E-01	1.506260E+00	2.829854E+01	6.902942E-02	1.923591E-06	3.525244E-05
5.864306E-01	2.599647E+00	2.779287E+01	3.105790E-02	1.947742E-06	3.526422E-05
6.073746E-01	2.790523E+00	2.769302E+01	2.955927E-02	1.971396E-06	3.547530E-05
6.283185E-01	3.510822E+00	2.677786E+01	7.075445E-02	2.046981E-06	3.552651E-05
6.492625E-01	3.401460E+00	2.579027E+01	4.041347E-02	2.073776E-06	3.545562E-05
6.702064E-01	2.999257E+00	2.586705E+01	4.064250E-02	2.113729E-06	3.594854E-05
6.911504E-01	1.462534E+00	2.589500E+01	4.035791E-02	2.104183E-06	3.538806E-05
7.120943E-01	6.335946E+00	2.426075E+01	4.739727E-02	2.185959E-06	3.608078E-05
7.330383E-01	5.065411E+00	2.376632E+01	8.118071E-02	2.240418E-06	3.524468E-05
7.539822E-01	2.766399E+00	2.361627E+01	4.513325E-02	2.228247E-06	3.579846E-05
7.749262E-01	4.794341E+00	2.340239E+01	4.466874E-02	2.233575E-06	3.626841E-05
7.958701E-01	4.011174E+00	2.286040E+01	4.604441E-02	2.285377E-06	3.610192E-05
8.168141E-01	4.551603E+00	2.243319E+01	4.164055E-02	2.304185E-06	3.543326E-05
8.377580E-01	4.284496E+00	2.311808E+01	5.043739E-02	2.327476E-06	3.550768E-05
8.587020E-01	3.559886E+00	2.218375E+01	6.083942E-02	2.343028E-06	3.543470E-05
8.796459E-01	4.243011E+00	2.207739E+01	7.252752E-02	2.375271E-06	3.612082E-05
9.005899E-01	2.941342E+00	2.179537E+01	5.722055E-02	2.361029E-06	3.513761E-05
9.215338E-01	4.024645E+00	2.088034E+01	4.311168E-02	2.401860E-06	3.508905E-05
9.424778E-01	4.880985E+00	2.081474E+01	6.422314E-02	2.443271E-06	3.456650E-05
9.634217E-01	4.493152E+00	2.078929E+01	4.570696E-02	2.415698E-06	3.577606E-05
9.843657E-01	4.263554E+00	2.035673E+01	5.159717E-02	2.434246E-06	3.544507E-05
1.005310E+00	4.300323E+00	1.994428E+01	5.515166E-02	2.464562E-06	3.484182E-05
1.026254E+00	6.386166E+00	2.011535E+01	5.155322E-02	2.491423E-06	3.538905E-05
1.047198E+00	5.900813E+00	1.968849E+01	6.416689E-02	2.508491E-06	3.584431E-05
1.068142E+00	5.242232E+00	1.977762E+01	4.842501E-02	2.520180E-06	3.604613E-05
1.089085E+00	5.027410E+00	1.943731E+01	5.165853E-02	2.519369E-06	3.536726E-05
1.110029E+00	4.181593E+00	1.918226E+01	5.888861E-02	2.522152E-06	3.593709E-05
1.130973E+00	5.617627E+00	1.915713E+01	6.261533E-02	2.541050E-06	3.574921E-05
1.151917E+00	3.381853E+00	1.844648E+01	5.248172E-02	2.534034E-06	3.562490E-05
1.172861E+00	5.030506E+00	1.784772E+01	5.703236E-02	2.567403E-06	3.563677E-05
1.193805E+00	5.510936E+00	1.811882E+01	4.250781E-02	2.578617E-06	3.593737E-05
1.214749E+00	4.652207E+00	1.772653E+01	4.840248E-02	2.563741E-06	3.571799E-05
1.235693E+00	5.530222E+00	1.762374E+01	4.722488E-02	2.586255E-06	3.563993E-05
1.256637E+00	5.751550E+00	1.757743E+01	7.795141E-02	2.562562E-06	3.539622E-05
1.277581E+00	4.897164E+00	1.695046E+01	6.058376E-02	2.574547E-06	3.557953E-05
1.298525E+00	5.023935E+00	1.723431E+01	4.557255E-02	2.564446E-06	3.551880E-05
1.319469E+00	4.048595E+00	1.653929E+01	4.275088E-02	2.576996E-06	3.558464E-05
1.340413E+00	5.349667E+00	1.657933E+01	4.973197E-02	2.561347E-06	3.557268E-05
1.361357E+00	6.231860E+00	1.652505E+01	4.563296E-02	2.621378E-06	3.529167E-05
1.382301E+00	5.210478E+00	1.622536E+01	4.880671E-02	2.610477E-06	3.541394E-05
1.403245E+00	5.868047E+00	1.591888E+01	4.114456E-02	2.584768E-06	3.569840E-05
1.424189E+00	6.537759E+00	1.580162E+01	5.489449E-02	2.598948E-06	3.545982E-05
1.445133E+00	6.259272E+00	1.583351E+01	5.506079E-02	2.592775E-06	3.586367E-05
1.466077E+00	6.323416E+00	1.575641E+01	5.675935E-02	2.564067E-06	3.547209E-05
1.487021E+00	5.197265E+00	1.539786E+01	8.183292E-02	2.609602E-06	3.577915E-05
1.507964E+00	5.932983E+00	1.513259E+01	5.953248E-02	2.598256E-06	3.589201E-05
1.528908E+00	6.398924E+00	1.503791E+01	5.480517E-02	2.594902E-06	3.570106E-05
1.549852E+00	6.976693E+00	1.488505E+01	4.918626E-02	2.600866E-06	3.562492E-05
1.570796E+00	7.084046E+00	1.466982E+01	5.301203E-02	2.599578E-06	3.574887E-05
1.591740E+00	6.411163E+00	1.472109E+01	5.721830E-02	2.606341E-06	3.585628E-05
1.612684E+00	6.854021E+00	1.445585E+01	4.316574E-02	2.575893E-06	3.600569E-05
1.633628E+00	6.431391E+00	1.423853E+01	7.493416E-02	2.582277E-06	3.567924E-05
1.654572E+00	6.783488E+00	1.405749E+01	5.392317E-02	2.575864E-06	3.614731E-05
1.675516E+00	7.692144E+00	1.414861E+01	5.365307E-02	2.571086E-06	3.588209E-05
1.696460E+00	7.623381E+00	1.412374E+01	5.976759E-02	2.589285E-06	3.597188E-05
1.717404E+00	7.501731E+00	1.361294E+01	5.382707E-02	2.586123E-06	3.578181E-05
1.738348E+00	7.420612E+00	1.379791E+01	6.020432E-02	2.595463E-06	3.609399E-05
1.759292E+00	7.894596E+00	1.351114E+01	5.843275E-02	2.574391E-06	3.619458E-05
1.780236E+00	7.691383E+00	1.334328E+01	5.191637E-02	2.594387E-06	3.607734E-05
1.801180E+00	8.026336E+00	1.345567E+01	7.159634E-02	2.582657E-06	3.615972E-05
1.822124E+00	7.754933E+00	1.308905E+01	5.820405E-02	2.585522E-06	3.609827E-05
1.843068E+00	8.548260E+00	1.313583E+01	5.972490E-02	2.596866E-06	3.589968E-05
1.864012E+00	9.243914E+00	1.318266E+01	6.789041E-02	2.595919E-06	3.603183E-05
1.884956E+00	9.486782E+00	1.289960E+01	6.225562E-02	2.572479E-06	3.609216E-05
1.905900E+00	9.243119E+00	1.300055E+01	7.143226E-02	2.587727E-06	3.622932E-05
1.926843E+00	9.418921E+00	1.281915E+01	5.371828E-02	2.600660E-06	3.576675E-05
1.947787E+00	9.893234E+00	1.271648E+01	6.274177E-02	2.584344E-06	3.637080E-05
1.968731E+00	1.027741E+01	1.264707E+01	5.731575E-02	2.582031E-06	3.623160E-05
1.989675E+00	1.141923E+01	1.279998E+01	6.109041E-02	2.589690E-06	3.645851E-05
2.010619E+00	1.080140E+01	1.260056E+01	6.296356E-02	2.597730E-06	3.629858E-05
2.031563E+00	1.140129E+01	1.261261E+01	6.892867E-02	2.617997E-06	3.648884E-05
2.052507E+00	1.231397E+01	1.258258E+01	6.401187E-02	2.604528E-06	3.655432E-05
2.073451E+00	1.276151E+01	1.264236E+01	7.076642E-02	2.615386E-06	3.626224E-05
2.094395E+00	1.324016E+01	1.263363E+01	6.136890E-02	2.627947E-06	3.666236E-05
2.115339E+00	1.369328E+01	1.262901E+01	6.402021E-02	2.614520E-06	3.680992E-05
2.136283E+00	1.497983E+01	1.278595E+01	7.504192E-02	2.619266E-06	3.689178E-05
2.157227E+00	1.475691E+01	1.266757E+01	6.644198E-02	2.612356E-06	3.686714E-05
2.178171E+00	1.544625E+01	1.274208E+01	8.388492E-02	2.641136E-06	3.696042E-05
2.199115E+00	1.591219E+01	1.295205E+01	7.903925E-02	2.663836E-06	3.696572E-05
2.220059E+00	1.623864E+01	1.297854E+01	7.254049E-02	2.647296E-06	3.700868E-05
2.241003E+00	1.752901E+01	1.288070E+01	7.357614E-02	2.648695E-06	3.713053E-05
2.261947E+00	1.778255E+01	1.321508E+01	8.139134E-02	2.685482E-06	3.696242E-05
2.282891E+00	1.916158E+01	1.338016E+01	9.359751E-02	2.690220E-06	3.752092E-05
2.303835E+00	1.974660E+01	1.335618E+01	8.412128E-02	2.703080E-06	3.745760E-05
2.324779E+00	1.977931E+01	1.363564E+01	8.219628E-02	2.718545E-06	3.719898E-05
2.345723E+00	2.063799E+01	1.387582E+01	8.216436E-02	2.701239E-06	3.761726E-05
2.366666E+00	2.145073E+01	1.406891E+01	8.427577E-02	2.727234E-06	3.782660E-05
2.387610E+00	2.302351E+01	1.422884E+01	8.918741E-02	2.761908E-06	3.785474E-05
2.408554E+00	2.391213E+01	1.455813E+01	6.880682E-02	2.757041E-06	3.766617E-05
2.429498E+00	3.124846E+01	1.536853E+01	2.301997E-01	2.791739E-06	3.792702E-05
2.450442E+00	3.255370E+01	1.561321E+01	2.163740E-01	2.794726E-06	3.813314E-05
2.471386E+00	3.363884E+01	1.559455E+01	2.354106E-01	2.807266E-06	3.813845E-05
2.492330E+00	3.437578E+01	1.583364E+01	2.488809E-01	2.825125E-06	3.826963E-05
2.513274E+00	3.619243E+01	1.587468E+01	3.144333E-01	2.834704E-06	3.853101E-05
2.534218E+00	3.691942E+01	1.601959E+01	3.104086E-01	2.863033E-06	3.862245E-05
2.555162E+00	3.800931E+01	1.629689E+01	3.388237E-01	2.877212E-06	3.862853E-05
2.576106E+00	3.910248E+01	1.631581E+01	3.290443E-01	2.888734E-06	3.874706E-05
2.597050E+00	4.056208E+01	1.637394E+01	3.674038E-01	2.930121E-06	3.902325E-05
2.617994E+00	4.181796E+01	1.650499E+01	3.192504E-01	2.918849E-06	3.901660E-05
2.638938E+00	4.309444E+01	1.674706E+01	4.110918E-01	2.963109E-06	3.908479E-05
2.659882E+00	4.419209E+01	1.687798E+01	4.282465E-01	2.986221E-06	3.958871E-05
