4.188790E-02	1.296338E+00	4.722079E+00	0.000000E+00	6.738973E-09	1.865957E-05
6.283185E-02	-1.951651E+00	4.919241E+00	2.017681E-02	1.347662E-08	1.805431E-05
8.377580E-02	6.557390E-01	6.007388E+00	1.720140E-03	1.847902E-08	2.042456E-05
1.047198E-01	-1.652477E+00	6.993691E+00	3.522698E-02	2.781465E-08	2.012663E-05
1.256637E-01	4.848862E-01	9.215906E+00	1.621873E-02	3.927443E-08	1.918859E-05
1.466077E-01	2.013699E+00	9.784296E+00	5.332187E-02	4.451609E-08	2.057934E-05
1.675516E-01	-7.236169E-01	1.039395E+01	4.137489E-02	5.050340E-08	2.163219E-05
1.884956E-01	-4.408352E-02	1.171344E+01	6.034307E-02	5.621291E-08	2.237713E-05
2.094395E-01	-2.341804E-01	1.118228E+01	7.179007E-02	6.660478E-08	2.015930E-05
2.303835E-01	-1.644696E+00	1.215941E+01	6.285729E-02	6.700705E-08	2.128734E-05
2.513274E-01	1.017747E+00	1.205827E+01	7.175679E-02	7.288307E-08	2.053832E-05
2.722714E-01	7.248396E-01	1.286833E+01	6.529320E-02	7.995079E-08	2.139892E-05
2.932153E-01	1.872666E-01	1.348078E+01	6.484280E-02	8.828887E-08	2.171664E-05
3.141593E-01	1.356942E+00	1.371411E+01	3.610957E-02	9.343390E-08	2.032125E-05
3.351032E-01	-6.904429E-01	1.354519E+01	3.042127E-02	1.057475E-07	2.147674E-05
3.560472E-01	-1.350415E+00	1.401479E+01	5.782668E-02	1.062623E-07	2.091103E-05
3.769911E-01	9.848300E-01	1.501652E+01	4.451934E-02	1.149728E-07	2.100569E-05
3.979351E-01	-8.621897E-02	1.372113E+01	3.514133E-02	1.203289E-07	2.012768E-05
4.188790E-01	1.696575E+00	1.399616E+01	7.404448E-02	1.217816E-07	2.090669E-05
4.398230E-01	-8.345909E-03	1.399586E+01	6.627595E-02	1.303955E-07	2.054473E-05
4.607669E-01	1.189637E+00	1.511997E+01	2.486048E-02	1.380828E-07	2.080887E-05
4.817109E-01	1.710408E-01	1.395287E+01	6.268241E-02	1.468145E-07	2.087637E-05
5.026548E-01	3.177781E+00	1.421491E+01	3.661915E-02	1.493896E-07	2.075318E-05
5.235988E-01	9.327600E-01	1.434363E+01	6.059899E-02	1.604415E-07	2.138657E-05
5.445427E-01	1.082944E+00	1.433939E+01	6.926975E-02	1.612650E-07	2.071168E-05
5.654867E-01	2.125034E+00	1.356922E+01	7.544481E-02	1.705256E-07	2.105903E-05
5.864306E-01	1.083176E+00	1.377885E+01	5.624646E-02	1.776536E-07	2.062849E-05
6.073746E-01	1.535806E+00	1.302102E+01	8.465950E-02	1.811904E-07	2.107201E-05
6.283185E-01	3.051057E+00	1.326807E+01	1.054191E-01	1.926051E-07	2.117991E-05
6.492625E-01	5.009284E-01	1.315393E+01	5.814756E-02	1.954572E-07	2.079169E-05
6.702064E-01	2.786671E+00	1.317560E+01	3.681098E-02	2.054899E-07	2.097849E-05
6.911504E-01	2.162098E+00	1.267906E+01	5.455595E-02	2.074355E-07	2.097952E-05
7.120943E-01	3.010489E+00	1.243137E+01	6.036300E-02	2.204085E-07	2.133611E-05
7.330383E-01	3.511024E+00	1.240510E+01	4.929966E-02	2.309470E-07	2.112584E-05
7.539822E-01	3.201226E+00	1.264064E+01	5.186443E-02	2.335587E-07	2.077931E-05
7.749262E-01	2.588102E+00	1.223437E+01	4.061885E-02	2.371698E-07	2.160070E-05
7.958701E-01	2.983883E+00	1.162935E+01	6.439594E-02	2.469534E-07	2.139202E-05
8.168141E-01	2.920303E+00	1.167443E+01	5.483783E-02	2.549569E-07	2.101093E-05
8.377580E-01	2.979225E+00	1.149563E+01	6.167842E-02	2.627160E-07	2.107021E-05
8.587020E-01	3.744186E+00	1.149980E+01	8.523227E-02	2.705679E-07	2.123457E-05
8.796459E-01	2.666750E+00	1.077252E+01	8.398895E-02	2.777989E-07	2.134689E-05
9.005899E-01	2.886714E+00	1.086274E+01	6.695245E-02	2.866480E-07	2.119832E-05
9.215338E-01	3.028651E+00	1.063999E+01	4.307024E-02	2.926795E-07	2.122065E-05
9.424778E-01	3.311469E+00	1.049256E+01	7.051725E-02	2.945154E-07	2.131502E-05
9.634217E-01	3.330888E+00	1.029110E+01	7.828426E-02	3.010841E-07	2.141259E-05
9.843657E-01	3.877775E+00	9.925621E+00	5.539852E-02	3.099087E-07	2.136828E-05
1.005310E+00	3.291164E+00	9.753568E+00	4.661745E-02	3.187648E-07	2.142896E-05
1.026254E+00	2.862529E+00	9.322608E+00	6.961806E-02	3.220590E-07	2.158677E-05
1.047198E+00	3.138994E+00	8.957258E+00	4.769229E-02	3.361788E-07	2.128949E-05
1.068142E+00	4.288740E+00	9.232363E+00	7.981839E-02	3.399475E-07	2.178751E-05
1.089085E+00	3.490914E+00	9.051074E+00	5.460440E-02	3.453537E-07	2.158265E-05
1.110029E+00	3.449054E+00	8.685613E+00	7.092241E-02	3.483936E-07	2.170893E-05
1.130973E+00	3.661513E+00	8.542385E+00	6.406427E-02	3.542309E-07	2.177512E-05
1.151917E+00	3.993833E+00	8.461066E+00	4.220237E-02	3.562460E-07	2.198022E-05
1.172861E+00	3.925984E+00	8.308375E+00	7.447211E-02	3.706192E-07	2.206931E-05
1.193805E+00	3.410017E+00	8.319007E+00	5.728698E-02	3.736810E-07	2.203291E-05
1.214749E+00	3.697413E+00	8.170991E+00	4.941746E-02	3.793192E-07	2.188590E-05
1.235693E+00	3.798085E+00	7.794318E+00	5.939068E-02	3.898695E-07	2.204591E-05
1.256637E+00	3.851560E+00	7.894043E+00	8.256580E-02	3.873767E-07	2.181528E-05
1.277581E+00	4.351658E+00	7.741348E+00	5.666765E-02	3.879177E-07	2.223710E-05
1.298525E+00	4.096704E+00	7.643470E+00	5.594077E-02	3.993304E-07	2.215598E-05
1.319469E+00	4.141678E+00	7.376164E+00	5.530618E-02	4.044631E-07	2.215484E-05
1.340413E+00	3.990922E+00	7.220516E+00	6.063677E-02	4.102737E-07	2.196387E-05
1.361357E+00	4.256291E+00	7.149065E+00	6.598376E-02	4.170075E-07	2.220953E-05
1.382301E+00	4.296172E+00	6.988662E+00	7.100630E-02	4.167705E-07	2.234826E-05
1.403245E+00	3.996150E+00	6.948800E+00	6.606172E-02	4.221575E-07	2.221865E-05
1.424189E+00	3.915386E+00	6.688394E+00	5.087341E-02	4.298831E-07	2.224554E-05
1.445133E+00	4.456933E+00	6.812580E+00	9.258688E-02	4.327631E-07	2.248463E-05
1.466077E+00	4.157153E+00	6.611917E+00	6.175522E-02	4.334913E-07	2.234299E-05
1.487021E+00	4.283797E+00	6.559657E+00	7.743983E-02	4.427127E-07	2.257922E-05
1.507964E+00	4.317166E+00	6.451865E+00	6.223864E-02	4.449722E-07	2.250804E-05
1.528908E+00	4.572006E+00	6.427162E+00	7.990028E-02	4.485555E-07	2.238589E-05
1.549852E+00	4.547600E+00	6.323480E+00	7.683195E-02	4.493260E-07	2.235672E-05
1.570796E+00	4.378771E+00	6.185583E+00	6.885850E-02	4.534888E-07	2.244419E-05
1.591740E+00	4.656579E+00	6.141569E+00	1.167056E-01	4.587461E-07	2.243826E-05
1.612684E+00	4.379757E+00	6.014869E+00	5.441433E-02	4.607837E-07	2.239592E-05
1.633628E+00	4.438974E+00	5.963015E+00	7.072591E-02	4.644443E-07	2.231948E-05
1.654572E+00	4.257973E+00	5.772690E+00	8.454978E-02	4.660277E-07	2.255578E-05
1.675516E+00	4.576554E+00	5.815320E+00	7.224478E-02	4.750616E-07	2.246379E-05
1.696460E+00	4.260664E+00	5.747881E+00	7.980311E-02	4.786762E-07	2.250980E-05
1.717404E+00	4.579028E+00	5.603241E+00	7.282521E-02	4.815801E-07	2.238420E-05
1.738348E+00	4.585193E+00	5.596833E+00	6.762925E-02	4.843633E-07	2.287133E-05
1.759292E+00	4.110059E+00	5.481283E+00	7.878449E-02	4.862808E-07	2.271451E-05
1.780236E+00	4.829382E+00	5.516138E+00	6.980788E-02	4.915334E-07	2.239871E-05
1.801180E+00	4.639119E+00	5.472337E+00	7.314768E-02	4.934965E-07	2.242610E-05
1.822124E+00	4.393641E+00	5.261696E+00	7.982016E-02	4.972119E-07	2.263445E-05
1.843068E+00	4.616490E+00	5.328964E+00	6.697250E-02	4.991006E-07	2.283313E-05
1.864012E+00	4.360084E+00	5.186547E+00	7.315616E-02	4.996791E-07	2.267670E-05
1.884956E+00	4.693987E+00	5.136176E+00	6.842966E-02	5.054185E-07	2.256065E-05
1.905900E+00	4.646661E+00	5.101671E+00	9.696324E-02	5.061313E-07	2.287701E-05
1.926843E+00	4.675834E+00	5.039388E+00	8.182497E-02	5.141209E-07	2.265320E-05
1.947787E+00	4.858969E+00	5.031204E+00	6.030325E-02	5.127850E-07	2.301108E-05
1.968731E+00	4.623131E+00	4.998782E+00	7.794002E-02	5.194440E-07	2.285317E-05
1.989675E+00	4.803969E+00	4.885868E+00	7.180451E-02	5.218227E-07	2.292894E-05
2.010619E+00	4.782561E+00	4.858984E+00	8.003897E-02	5.253654E-07	2.289018E-05
2.031563E+00	5.060336E+00	4.822856E+00	8.495128E-02	5.280466E-07	2.269394E-05
2.052507E+00	4.804928E+00	4.765093E+00	8.184175E-02	5.379896E-07	2.299470E-05
2.073451E+00	5.276814E+00	4.729145E+00	8.695462E-02	5.357950E-07	2.294124E-05
2.094395E+00	5.061774E+00	4.743645E+00	6.358664E-02	5.437247E-07	2.293927E-05
2.115339E+00	5.132855E+00	4.649116E+00	7.616650E-02	5.435673E-07	2.276402E-05
2.136283E+00	5.205717E+00	4.689291E+00	6.565217E-02	5.458926E-07	2.307873E-05
2.157227E+00	5.149906E+00	4.619340E+00	5.723115E-02	5.517688E-07	2.321244E-05
2.178171E+00	5.025116E+00	4.620262E+00	7.134227E-02	5.582933E-07	2.294502E-05
2.199115E+00	5.275712E+00	4.532366E+00	7.562789E-02	5.584690E-07	2.292801E-05
2.220059E+00	5.117966E+00	4.519169E+00	8.183540E-02	5.663650E-07	2.313524E-05
2.241003E+00	5.510100E+00	4.513064E+00	7.596351E-02	5.652833E-07	2.303951E-05
2.261947E+00	5.525216E+00	4.496443E+00	8.540127E-02	5.744602E-07	2.313237E-05
2.282891E+00	5.708842E+00	4.475872E+00	6.755454E-02	5.769286E-07	2.326358E-05
2.303835E+00	5.588506E+00	4.462545E+00	6.234511E-02	5.819417E-07	2.308168E-05
2.324779E+00	5.852343E+00	4.435729E+00	8.363290E-02	5.927144E-07	2.346181E-05
2.345723E+00	5.988846E+00	4.408946E+00	8.470203E-02	5.897136E-07	2.334956E-05
2.366666E+00	6.096961E+00	4.447834E+00	9.591371E-02	5.918985E-07	2.339139E-05
2.387610E+00	6.206515E+00	4.362601E+00	5.877881E-02	6.012882E-07	2.335900E-05
2.408554E+00	6.408407E+00	4.394256E+00	8.983186E-02	6.028533E-07	2.334380E-05
2.429498E+00	6.569548E+00	4.411258E+00	9.914245E-02	6.117412E-07	2.347413E-05
2.450442E+00	6.642476E+00	4.383043E+00	8.788074E-02	6.206305E-07	2.365188E-05
2.471386E+00	6.712287E+00	4.347971E+00	9.515379E-02	6.223140E-07	2.358097E-05
2.492330E+00	7.002078E+00	4.399918E+00	9.512841E-02	6.299680E-07	2.354152E-05
2.513274E+00	7.028244E+00	4.383677E+00	9.481770E-02	6.315156E-07	2.365935E-05
2.534218E+00	7.259502E+00	4.395502E+00	9.546063E-02	6.365262E-07	2.375676E-05
2.555162E+00	7.684283E+00	4.423100E+00	1.074330E-01	6.489827E-07	2.365352E-05
2.576106E+00	7.722483E+00	4.449911E+00	1.015280E-01	6.501369E-07	2.353482E-05
2.597050E+00	7.975238E+00	4.453891E+00	1.157387E-01	6.608384E-07	2.393943E-05
2.617994E+00	8.257991E+00	4.446238E+00	1.149668E-01	6.625665E-07	2.394527E-05
2.638938E+00	8.590148E+00	4.477522E+00	1.217991E-01	6.722491E-07	2.401962E-05
2.659882E+00	8.725694E+00	4.462777E+00	1.152439E-01	6.782784E-07	2.389920E-05
