4.188790E-02	6.560477E+00	2.077933E+01	0.000000E+00	2.780031E-07	1.243097E-04
6.283185E-02	-6.989028E+00	2.610308E+01	2.144212E-03	5.571523E-07	1.208472E-04
8.377580E-02	5.535196E+00	3.780417E+01	1.553916E-02	7.514978E-07	1.365095E-04
1.047198E-01	-5.377557E+00	4.656491E+01	4.979931E-02	1.144370E-06	1.343975E-04
1.256637E-01	-5.211571E+00	6.884051E+01	1.132299E-02	1.619676E-06	1.293292E-04
1.466077E-01	1.269032E+01	7.731956E+01	1.064869E-02	1.825874E-06	1.373214E-04
1.675516E-01	-4.651051E+00	6.723782E+01	4.757091E-02	2.079292E-06	1.448129E-04
1.884956E-01	-2.994829E+00	7.650443E+01	1.555826E-02	2.308971E-06	1.500475E-04
2.094395E-01	2.021732E+01	7.392880E+01	2.704268E-02	2.739274E-06	1.344028E-04
2.303835E-01	6.671254E+00	7.901406E+01	5.515447E-02	2.764228E-06	1.427915E-04
2.513274E-01	6.293881E+00	6.900527E+01	8.191514E-02	2.934400E-06	1.398266E-04
2.722714E-01	1.699574E+01	6.498887E+01	7.778469E-02	3.232126E-06	1.394021E-04
2.932153E-01	1.672385E+01	6.814245E+01	3.823941E-02	3.512203E-06	1.458341E-04
3.141593E-01	-8.057253E-01	7.024345E+01	1.024901E-01	3.784591E-06	1.366452E-04
3.351032E-01	1.283380E+01	6.941170E+01	2.065209E-02	4.218630E-06	1.401194E-04
3.560472E-01	-1.110614E+00	6.183846E+01	6.846617E-02	4.227622E-06	1.414794E-04
3.769911E-01	5.569496E+00	6.694749E+01	3.330653E-02	4.512820E-06	1.368879E-04
3.979351E-01	1.221977E+01	5.935547E+01	6.516061E-02	4.591398E-06	1.359092E-04
4.188790E-01	8.642504E+00	6.371814E+01	6.180657E-02	4.726462E-06	1.410909E-04
4.398230E-01	9.606595E+00	5.958317E+01	3.349215E-02	4.992361E-06	1.380454E-04
4.607669E-01	3.545631E+00	6.038890E+01	5.584611E-02	5.204527E-06	1.380904E-04
4.817109E-01	7.638362E+00	6.044386E+01	3.852200E-02	5.361627E-06	1.373955E-04
5.026548E-01	7.383543E+00	5.564301E+01	8.703253E-02	5.489783E-06	1.376779E-04
5.235988E-01	8.203899E+00	5.638315E+01	5.423278E-02	5.695181E-06	1.413665E-04
5.445427E-01	4.095224E+00	5.790799E+01	7.480295E-02	5.710389E-06	1.403113E-04
5.654867E-01	3.895435E+00	5.642797E+01	4.882293E-02	5.911971E-06	1.378414E-04
5.864306E-01	9.284874E+00	5.525987E+01	6.160466E-02	5.977935E-06	1.376478E-04
6.073746E-01	1.054055E+01	5.433587E+01	5.233956E-02	6.062085E-06	1.386358E-04
6.283185E-01	7.533658E+00	5.366895E+01	7.637178E-02	6.300391E-06	1.396178E-04
6.492625E-01	5.022327E+00	5.026186E+01	6.218591E-02	6.361248E-06	1.396414E-04
6.702064E-01	8.760035E+00	5.338912E+01	6.184664E-02	6.502277E-06	1.411062E-04
6.911504E-01	8.191846E+00	5.213651E+01	5.441164E-02	6.454560E-06	1.391871E-04
7.120943E-01	2.419612E+00	4.948208E+01	4.885653E-02	6.715020E-06	1.412063E-04
7.330383E-01	8.430953E+00	5.068641E+01	5.504315E-02	6.882231E-06	1.388913E-04
7.539822E-01	4.465952E+00	4.886211E+01	5.079547E-02	6.839891E-06	1.403949E-04
7.749262E-01	7.470793E+00	4.796875E+01	4.395284E-02	6.858952E-06	1.408586E-04
7.958701E-01	6.510486E+00	4.976003E+01	5.548570E-02	7.040701E-06	1.413157E-04
8.168141E-01	5.874089E+00	4.732941E+01	5.402000E-02	7.092000E-06	1.381363E-04
8.377580E-01	1.028438E+01	4.744431E+01	5.510965E-02	7.151187E-06	1.385322E-04
8.587020E-01	8.460130E+00	4.735834E+01	4.434802E-02	7.182017E-06	1.385581E-04
8.796459E-01	6.392164E+00	4.539706E+01	7.175897E-02	7.299764E-06	1.420683E-04
9.005899E-01	9.839048E+00	4.581540E+01	4.938992E-02	7.282895E-06	1.385445E-04
9.215338E-01	1.179526E+01	4.733463E+01	6.186247E-02	7.396311E-06	1.375643E-04
9.424778E-01	6.089816E+00	4.514130E+01	4.589351E-02	7.515309E-06	1.355435E-04
9.634217E-01	1.188293E+01	4.411378E+01	6.367748E-02	7.431128E-06	1.397554E-04
9.843657E-01	9.015387E+00	4.472360E+01	4.019994E-02	7.462024E-06	1.385838E-04
1.005310E+00	9.505172E+00	4.346512E+01	6.549967E-02	7.596846E-06	1.372057E-04
1.026254E+00	7.932381E+00	4.396713E+01	5.211401E-02	7.659051E-06	1.383664E-04
1.047198E+00	1.217394E+01	4.291309E+01	5.750826E-02	7.760007E-06	1.408092E-04
1.068142E+00	9.042331E+00	4.361112E+01	6.495858E-02	7.773087E-06	1.408568E-04
1.089085E+00	9.705076E+00	4.204363E+01	6.906525E-02	7.783624E-06	1.375753E-04
1.110029E+00	7.984052E+00	4.068237E+01	4.484430E-02	7.751644E-06	1.393739E-04
1.130973E+00	9.242241E+00	4.118330E+01	5.474318E-02	7.877274E-06	1.392017E-04
1.151917E+00	8.530733E+00	4.089848E+01	5.327313E-02	7.889897E-06	1.391703E-04
1.172861E+00	7.988547E+00	4.003564E+01	6.559119E-02	7.989001E-06	1.406388E-04
1.193805E+00	7.679602E+00	3.961564E+01	4.211674E-02	8.011742E-06	1.398556E-04
1.214749E+00	8.619169E+00	3.905528E+01	4.755503E-02	7.989479E-06	1.390730E-04
1.235693E+00	9.015621E+00	3.890160E+01	4.181728E-02	8.035849E-06	1.381490E-04
1.256637E+00	1.154746E+01	3.883098E+01	4.717677E-02	7.988629E-06	1.390220E-04
1.277581E+00	7.683555E+00	3.869369E+01	6.768033E-02	8.005543E-06	1.384800E-04
1.298525E+00	1.242256E+01	3.880003E+01	5.604588E-02	7.997626E-06	1.394293E-04
1.319469E+00	1.088354E+01	3.740221E+01	6.559121E-02	8.074421E-06	1.408666E-04
1.340413E+00	1.027539E+01	3.723923E+01	4.280742E-02	8.027365E-06	1.391304E-04
1.361357E+00	1.021542E+01	3.638468E+01	5.859201E-02	8.213851E-06	1.394676E-04
1.382301E+00	1.150797E+01	3.648268E+01	5.739108E-02	8.174091E-06	1.401843E-04
1.403245E+00	1.049999E+01	3.643476E+01	4.572777E-02	8.137919E-06	1.403056E-04
1.424189E+00	1.207310E+01	3.677817E+01	5.611145E-02	8.186064E-06	1.401730E-04
1.445133E+00	1.163627E+01	3.519757E+01	4.692465E-02	8.153565E-06	1.404741E-04
1.466077E+00	1.039140E+01	3.534865E+01	6.815953E-02	8.149690E-06	1.394418E-04
1.487021E+00	1.182378E+01	3.514032E+01	5.928121E-02	8.242438E-06	1.402640E-04
1.507964E+00	1.154423E+01	3.487445E+01	5.666651E-02	8.289163E-06	1.390524E-04
1.528908E+00	1.298666E+01	3.412318E+01	4.405218E-02	8.260814E-06	1.406905E-04
1.549852E+00	1.288640E+01	3.430292E+01	5.400199E-02	8.273200E-06	1.410957E-04
1.570796E+00	1.363777E+01	3.440510E+01	5.336231E-02	8.305956E-06	1.417503E-04
1.591740E+00	1.178449E+01	3.314557E+01	5.172867E-02	8.276134E-06	1.410246E-04
1.612684E+00	1.387355E+01	3.305222E+01	8.113606E-02	8.266427E-06	1.415285E-04
1.633628E+00	1.303311E+01	3.239479E+01	5.365581E-02	8.314719E-06	1.418809E-04
1.654572E+00	1.588396E+01	3.239856E+01	6.092322E-02	8.260697E-06	1.405851E-04
1.675516E+00	1.437354E+01	3.242598E+01	3.529049E-02	8.334235E-06	1.412058E-04
1.696460E+00	1.297381E+01	3.153167E+01	4.791520E-02	8.378672E-06	1.408050E-04
1.717404E+00	1.585346E+01	3.203822E+01	5.264530E-02	8.355688E-06	1.404322E-04
1.738348E+00	1.490227E+01	3.133421E+01	8.009604E-02	8.421243E-06	1.411528E-04
1.759292E+00	1.658452E+01	3.112904E+01	4.799265E-02	8.381873E-06	1.409377E-04
1.780236E+00	1.585958E+01	3.091034E+01	6.143202E-02	8.510099E-06	1.428571E-04
1.801180E+00	1.619081E+01	3.076920E+01	6.311126E-02	8.444461E-06	1.418678E-04
1.822124E+00	1.701679E+01	3.036016E+01	4.574466E-02	8.503751E-06	1.416923E-04
1.843068E+00	1.787580E+01	3.035870E+01	4.360538E-02	8.504821E-06	1.417276E-04
1.864012E+00	1.880622E+01	2.995543E+01	6.591246E-02	8.544374E-06	1.429407E-04
1.884956E+00	1.934023E+01	2.976313E+01	6.511656E-02	8.504464E-06	1.430412E-04
1.905900E+00	1.989139E+01	2.960355E+01	4.800169E-02	8.638081E-06	1.423753E-04
1.926843E+00	1.937607E+01	2.938843E+01	5.452705E-02	8.627328E-06	1.419149E-04
1.947787E+00	1.962931E+01	2.902931E+01	4.938967E-02	8.663877E-06	1.431064E-04
1.968731E+00	2.168059E+01	2.925575E+01	5.701582E-02	8.681084E-06	1.439135E-04
1.989675E+00	2.206900E+01	2.906656E+01	5.309773E-02	8.733488E-06	1.436927E-04
2.010619E+00	2.218253E+01	2.894647E+01	7.046331E-02	8.723099E-06	1.440396E-04
2.031563E+00	2.311205E+01	2.859230E+01	4.760416E-02	8.829851E-06	1.440180E-04
2.052507E+00	2.418316E+01	2.893529E+01	6.274647E-02	8.791714E-06	1.434905E-04
2.073451E+00	2.433985E+01	2.876381E+01	7.446962E-02	8.837621E-06	1.436180E-04
2.094395E+00	2.629519E+01	2.816209E+01	6.252532E-02	8.893980E-06	1.447618E-04
2.115339E+00	2.712782E+01	2.846114E+01	6.083115E-02	8.946235E-06	1.455280E-04
2.136283E+00	2.752594E+01	2.845552E+01	6.953166E-02	8.912447E-06	1.452847E-04
2.157227E+00	2.961114E+01	2.847655E+01	5.849801E-02	8.966058E-06	1.462439E-04
2.178171E+00	3.112287E+01	2.840788E+01	6.115609E-02	9.065903E-06	1.457786E-04
2.199115E+00	3.269028E+01	2.864151E+01	7.405591E-02	9.079519E-06	1.459550E-04
2.220059E+00	3.361370E+01	2.856215E+01	7.070240E-02	9.143598E-06	1.473801E-04
2.241003E+00	3.526377E+01	2.882819E+01	5.566691E-02	9.104344E-06	1.463786E-04
2.261947E+00	3.775145E+01	2.927119E+01	8.874413E-02	9.167745E-06	1.475293E-04
2.282891E+00	3.659179E+01	2.893825E+01	7.406531E-02	9.321459E-06	1.478662E-04
2.303835E+00	3.815711E+01	2.955843E+01	7.470896E-02	9.326960E-06	1.487223E-04
2.324779E+00	3.915797E+01	2.975319E+01	8.245093E-02	9.370505E-06	1.486818E-04
2.345723E+00	4.049373E+01	2.990755E+01	7.201467E-02	9.412175E-06	1.489231E-04
2.366666E+00	4.269351E+01	3.052597E+01	7.854580E-02	9.467487E-06	1.492907E-04
2.387610E+00	4.169837E+01	3.073104E+01	6.804979E-02	9.526732E-06	1.494428E-04
2.408554E+00	4.585372E+01	3.158173E+01	6.957292E-02	9.645368E-06	1.483935E-04
2.429498E+00	6.954298E+01	3.489587E+01	2.076404E-01	9.753181E-06	1.506529E-04
2.450442E+00	6.874842E+01	3.494752E+01	1.891112E-01	9.757178E-06	1.515888E-04
2.471386E+00	7.119190E+01	3.539015E+01	1.774030E-01	9.790193E-06	1.508752E-04
2.492330E+00	7.221720E+01	3.555259E+01	2.073603E-01	9.965198E-06	1.524563E-04
2.513274E+00	7.677186E+01	3.602242E+01	2.029876E-01	9.971674E-06	1.525194E-04
2.534218E+00	7.888477E+01	3.636994E+01	2.102801E-01	1.014071E-05	1.531447E-04
2.555162E+00	7.979095E+01	3.630514E+01	2.189615E-01	1.008717E-05	1.535173E-04
2.576106E+00	8.195019E+01	3.652934E+01	2.467046E-01	1.022915E-05	1.535791E-04
2.597050E+00	8.386854E+01	3.698575E+01	2.627987E-01	1.022505E-05	1.538216E-04
2.617994E+00	8.765348E+01	3.734360E+01	3.196592E-01	1.031447E-05	1.544035E-04
2.638938E+00	9.123330E+01	3.779706E+01	3.105668E-01	1.046604E-05	1.553928E-04
2.659882E+00	9.559133E+01	3.789990E+01	3.105519E-01	1.060064E-05	1.567089E-04
