4.188790E-02	1.337466E+02	3.923056E+02	0.000000E+00	1.317550E-05	1.522732E-02
6.283185E-02	-9.547148E+01	2.768304E+02	3.686421E-03	2.630499E-05	1.478894E-02
8.377580E-02	5.145855E+01	2.388729E+02	4.734349E-03	3.592224E-05	1.666140E-02
1.047198E-01	6.758780E+00	2.210400E+02	8.888106E-02	5.435812E-05	1.647308E-02
1.256637E-01	4.795493E+01	2.436273E+02	1.459967E-02	7.668865E-05	1.577041E-02
1.466077E-01	1.482321E+02	2.670559E+02	1.133529E-02	8.686032E-05	1.687518E-02
1.675516E-01	4.916674E+01	2.484407E+02	3.179706E-02	9.856011E-05	1.766334E-02
1.884956E-01	1.121743E+02	2.679512E+02	2.241904E-02	1.092855E-04	1.828004E-02
2.094395E-01	1.297873E+02	3.307932E+02	8.275461E-02	1.293947E-04	1.640505E-02
2.303835E-01	8.368164E+01	3.368664E+02	5.539949E-02	1.299778E-04	1.740747E-02
2.513274E-01	9.661398E+01	3.586443E+02	4.566713E-02	1.392423E-04	1.697090E-02
2.722714E-01	1.664605E+02	3.945663E+02	4.645457E-02	1.538269E-04	1.726963E-02
2.932153E-01	1.519237E+02	4.161259E+02	1.608676E-02	1.669910E-04	1.792336E-02
3.141593E-01	1.182395E+02	4.139187E+02	3.953052E-02	1.774266E-04	1.678798E-02
3.351032E-01	1.179602E+02	5.111027E+02	9.169932E-02	1.995125E-04	1.746475E-02
3.560472E-01	1.352055E+02	4.813213E+02	6.726306E-02	1.987834E-04	1.732711E-02
3.769911E-01	2.320229E+02	5.674728E+02	4.253368E-02	2.132208E-04	1.691729E-02
3.979351E-01	1.621609E+02	5.710111E+02	2.967582E-02	2.185309E-04	1.664068E-02
4.188790E-01	1.970170E+02	5.625500E+02	4.297610E-02	2.225412E-04	1.715182E-02
4.398230E-01	2.227814E+02	6.039866E+02	3.819459E-02	2.347565E-04	1.689886E-02
4.607669E-01	1.993113E+02	6.300479E+02	5.336227E-02	2.497447E-04	1.682020E-02
4.817109E-01	2.775386E+02	6.620211E+02	5.682572E-02	2.575273E-04	1.690968E-02
5.026548E-01	1.683600E+02	6.463562E+02	5.013531E-02	2.589871E-04	1.706831E-02
5.235988E-01	3.151949E+02	7.181121E+02	5.013568E-02	2.736794E-04	1.737464E-02
5.445427E-01	1.542302E+02	6.747922E+02	5.378612E-02	2.710689E-04	1.708797E-02
5.654867E-01	2.267294E+02	7.315228E+02	6.375723E-02	2.822217E-04	1.684350E-02
5.864306E-01	1.987181E+02	7.489831E+02	5.378847E-02	2.873193E-04	1.674236E-02
6.073746E-01	2.796800E+02	7.386588E+02	4.530434E-02	2.903695E-04	1.693489E-02
6.283185E-01	2.024198E+02	7.981542E+02	5.306233E-02	3.065393E-04	1.726276E-02
6.492625E-01	3.445568E+02	7.951412E+02	5.418321E-02	3.069836E-04	1.714077E-02
6.702064E-01	2.592260E+02	8.374387E+02	4.749569E-02	3.157364E-04	1.736158E-02
6.911504E-01	2.464861E+02	8.095245E+02	5.207277E-02	3.120838E-04	1.699736E-02
7.120943E-01	3.107559E+02	8.445601E+02	5.411533E-02	3.287214E-04	1.729458E-02
7.330383E-01	3.415532E+02	8.994760E+02	4.059488E-02	3.392509E-04	1.705893E-02
7.539822E-01	3.036746E+02	8.641948E+02	4.906039E-02	3.394344E-04	1.708257E-02
7.749262E-01	2.922999E+02	8.918458E+02	3.368239E-02	3.411107E-04	1.710573E-02
7.958701E-01	2.955527E+02	8.935558E+02	5.428076E-02	3.536684E-04	1.723846E-02
8.168141E-01	2.999704E+02	8.967060E+02	6.271498E-02	3.540055E-04	1.675877E-02
8.377580E-01	3.621777E+02	9.298742E+02	4.013308E-02	3.616067E-04	1.700333E-02
8.587020E-01	2.737528E+02	9.118659E+02	5.722441E-02	3.653122E-04	1.697944E-02
8.796459E-01	3.087026E+02	9.512306E+02	4.001467E-02	3.817376E-04	1.718029E-02
9.005899E-01	3.304631E+02	9.749334E+02	5.512611E-02	3.806244E-04	1.725106E-02
9.215338E-01	3.188249E+02	9.627543E+02	4.606259E-02	3.869408E-04	1.697364E-02
9.424778E-01	4.558090E+02	1.010105E+03	7.553986E-02	3.944939E-04	1.703978E-02
9.634217E-01	4.319132E+02	1.015317E+03	8.062987E-02	3.965875E-04	1.727625E-02
9.843657E-01	4.991269E+02	1.028172E+03	5.788703E-02	4.002948E-04	1.697739E-02
1.005310E+00	4.531465E+02	1.036051E+03	5.595344E-02	4.154387E-04	1.688266E-02
1.026254E+00	4.278748E+02	1.053132E+03	3.431555E-02	4.239508E-04	1.687741E-02
1.047198E+00	5.015326E+02	1.090538E+03	6.669317E-02	4.298332E-04	1.716404E-02
1.068142E+00	4.780579E+02	1.089382E+03	6.333972E-02	4.331874E-04	1.732189E-02
1.089085E+00	4.735375E+02	1.096607E+03	6.529083E-02	4.363533E-04	1.724727E-02
1.110029E+00	5.894366E+02	1.108421E+03	5.643121E-02	4.383641E-04	1.722909E-02
1.130973E+00	5.512533E+02	1.130617E+03	8.139484E-02	4.496703E-04	1.724771E-02
1.151917E+00	5.945542E+02	1.130664E+03	5.501152E-02	4.553151E-04	1.745182E-02
1.172861E+00	5.741424E+02	1.148730E+03	7.896146E-02	4.647747E-04	1.731750E-02
1.193805E+00	6.036432E+02	1.155117E+03	7.448059E-02	4.696472E-04	1.721042E-02
1.214749E+00	6.686919E+02	1.164886E+03	1.017222E-01	4.736714E-04	1.710900E-02
1.235693E+00	6.474273E+02	1.144171E+03	7.923882E-02	4.776943E-04	1.695666E-02
1.256637E+00	6.926780E+02	1.179249E+03	6.694268E-02	4.849687E-04	1.730389E-02
1.277581E+00	6.538080E+02	1.177288E+03	8.389243E-02	4.890476E-04	1.726785E-02
1.298525E+00	7.747622E+02	1.187749E+03	1.012428E-01	4.956213E-04	1.718322E-02
1.319469E+00	6.840169E+02	1.186044E+03	8.207849E-02	5.025423E-04	1.725167E-02
1.340413E+00	7.941254E+02	1.201864E+03	7.867117E-02	5.081528E-04	1.724139E-02
1.361357E+00	8.293674E+02	1.204166E+03	7.222958E-02	5.214468E-04	1.726931E-02
1.382301E+00	7.901609E+02	1.238889E+03	9.229020E-02	5.246795E-04	1.726727E-02
1.403245E+00	8.464204E+02	1.244485E+03	9.324588E-02	5.229071E-04	1.744521E-02
1.424189E+00	8.913022E+02	1.249472E+03	1.021944E-01	5.338288E-04	1.744529E-02
1.445133E+00	8.571130E+02	1.251146E+03	9.641735E-02	5.386842E-04	1.743694E-02
1.466077E+00	9.134958E+02	1.256057E+03	8.742797E-02	5.421675E-04	1.742988E-02
1.487021E+00	9.427512E+02	1.251855E+03	7.173653E-02	5.520888E-04	1.746571E-02
1.507964E+00	1.079388E+03	1.275024E+03	1.017542E-01	5.564304E-04	1.767428E-02
1.528908E+00	9.990652E+02	1.261930E+03	1.118780E-01	5.610812E-04	1.752869E-02
1.549852E+00	1.069456E+03	1.282297E+03	1.093123E-01	5.696961E-04	1.769326E-02
1.570796E+00	1.068017E+03	1.280703E+03	1.058317E-01	5.719998E-04	1.764740E-02
1.591740E+00	1.138140E+03	1.315552E+03	1.188095E-01	5.829338E-04	1.783336E-02
1.612684E+00	1.098351E+03	1.295685E+03	1.171008E-01	5.821541E-04	1.782658E-02
1.633628E+00	1.145447E+03	1.292267E+03	1.223150E-01	5.868106E-04	1.772691E-02
1.654572E+00	1.184238E+03	1.323800E+03	1.523060E-01	5.957342E-04	1.786236E-02
1.675516E+00	1.201980E+03	1.312957E+03	1.317875E-01	5.993462E-04	1.801976E-02
1.696460E+00	1.227177E+03	1.314282E+03	1.317485E-01	6.009508E-04	1.794785E-02
1.717404E+00	1.304043E+03	1.304333E+03	1.332549E-01	6.090236E-04	1.780868E-02
1.738348E+00	1.194422E+03	1.303699E+03	1.340997E-01	6.137358E-04	1.790812E-02
1.759292E+00	1.237720E+03	1.308518E+03	1.355373E-01	6.148886E-04	1.798854E-02
1.780236E+00	1.353873E+03	1.330933E+03	1.312792E-01	6.330689E-04	1.810495E-02
1.801180E+00	1.350598E+03	1.316898E+03	1.526885E-01	6.249781E-04	1.803673E-02
1.822124E+00	1.323288E+03	1.303164E+03	1.437728E-01	6.288605E-04	1.808972E-02
1.843068E+00	1.317645E+03	1.323682E+03	1.369561E-01	6.355058E-04	1.818480E-02
1.864012E+00	1.360081E+03	1.294047E+03	1.374554E-01	6.389662E-04	1.796064E-02
1.884956E+00	1.499632E+03	1.316270E+03	1.550799E-01	6.469651E-04	1.839188E-02
1.905900E+00	1.447209E+03	1.320817E+03	1.441620E-01	6.560871E-04	1.839502E-02
1.926843E+00	1.422319E+03	1.308218E+03	1.425064E-01	6.544051E-04	1.817895E-02
1.947787E+00	1.444809E+03	1.310033E+03	1.560866E-01	6.569134E-04	1.855878E-02
1.968731E+00	1.531072E+03	1.323058E+03	1.477142E-01	6.668084E-04	1.865408E-02
1.989675E+00	1.555317E+03	1.310658E+03	1.429395E-01	6.694738E-04	1.843323E-02
2.010619E+00	1.465941E+03	1.297072E+03	1.462283E-01	6.747984E-04	1.844225E-02
2.031563E+00	1.539696E+03	1.319982E+03	1.352335E-01	6.762766E-04	1.867742E-02
2.052507E+00	1.603378E+03	1.305815E+03	1.546204E-01	6.801931E-04	1.857505E-02
2.073451E+00	1.612102E+03	1.300766E+03	1.576665E-01	6.875757E-04	1.868319E-02
2.094395E+00	1.653728E+03	1.295233E+03	1.453814E-01	6.929040E-04	1.874526E-02
2.115339E+00	1.684004E+03	1.303315E+03	1.356419E-01	6.955795E-04	1.869652E-02
2.136283E+00	1.571037E+03	1.297076E+03	1.459730E-01	6.968974E-04	1.870435E-02
2.157227E+00	1.654428E+03	1.286866E+03	1.549076E-01	7.065229E-04	1.865512E-02
2.178171E+00	1.717463E+03	1.299549E+03	1.559341E-01	7.103973E-04	1.892730E-02
2.199115E+00	1.741199E+03	1.292009E+03	1.333265E-01	7.088487E-04	1.893828E-02
2.220059E+00	1.752701E+03	1.291524E+03	1.161304E-01	7.234421E-04	1.894830E-02
2.241003E+00	1.711751E+03	1.289097E+03	1.414680E-01	7.216465E-04	1.920823E-02
2.261947E+00	1.767039E+03	1.272897E+03	1.240517E-01	7.263524E-04	1.902637E-02
2.282891E+00	1.843897E+03	1.285435E+03	1.478562E-01	7.339361E-04	1.913619E-02
2.303835E+00	1.775165E+03	1.258043E+03	1.316317E-01	7.356804E-04	1.918280E-02
2.324779E+00	1.813094E+03	1.285711E+03	1.372413E-01	7.470506E-04	1.922199E-02
2.345723E+00	1.895553E+03	1.273949E+03	1.335692E-01	7.493847E-04	1.935523E-02
2.366666E+00	1.941005E+03	1.264194E+03	1.433710E-01	7.575479E-04	1.932353E-02
2.387610E+00	1.965590E+03	1.268585E+03	1.399978E-01	7.620751E-04	1.945334E-02
2.408554E+00	1.948746E+03	1.272830E+03	1.355043E-01	7.670453E-04	1.936801E-02
2.429498E+00	2.302922E+03	1.427839E+03	1.374418E-01	7.719500E-04	1.959975E-02
2.450442E+00	2.320459E+03	1.420353E+03	1.485163E-01	7.775205E-04	1.955562E-02
2.471386E+00	2.387203E+03	1.418081E+03	1.392534E-01	7.867146E-04	1.949204E-02
2.492330E+00	2.433088E+03	1.406005E+03	1.294235E-01	7.860644E-04	1.972423E-02
2.513274E+00	2.461804E+03	1.428792E+03	1.597660E-01	7.931625E-04	1.977573E-02
2.534218E+00	2.464978E+03	1.423956E+03	1.571191E-01	8.036854E-04	1.985106E-02
2.555162E+00	2.459344E+03	1.398986E+03	1.475601E-01	8.022220E-04	1.968959E-02
2.576106E+00	2.523081E+03	1.413795E+03	1.348393E-01	8.143046E-04	2.015531E-02
2.597050E+00	2.584066E+03	1.417702E+03	1.491977E-01	8.215613E-04	2.005425E-02
2.617994E+00	2.607568E+03	1.410104E+03	1.420813E-01	8.296381E-04	1.985391E-02
2.638938E+00	2.676709E+03	1.425796E+03	1.455098E-01	8.376221E-04	2.015152E-02
2.659882E+00	2.739646E+03	1.445782E+03	1.632639E-01	8.435682E-04	2.041415E-02
