4.188790E-02	2.099329E+00	4.642580E+00	0.000000E+00	9.550631E-06	1.020646E-02
6.283185E-02	-1.526966E+00	9.398609E+00	2.075644E-02	1.906591E-05	9.910174E-03
8.377580E-02	5.569251E-01	1.426352E+01	5.372746E-03	2.602426E-05	1.116477E-02
1.047198E-01	8.832525E-01	1.986797E+01	1.543364E-02	3.940448E-05	1.103851E-02
1.256637E-01	3.714037E+00	2.396791E+01	3.407714E-02	5.558939E-05	1.057042E-02
1.466077E-01	2.688026E+00	2.803784E+01	5.843178E-02	6.293843E-05	1.130168E-02
1.675516E-01	3.873072E+00	3.341838E+01	3.459486E-02	7.143463E-05	1.184571E-02
1.884956E-01	-2.406456E+00	3.458502E+01	6.593448E-02	7.921997E-05	1.224923E-02
2.094395E-01	1.031225E+01	4.004666E+01	4.036441E-02	9.374731E-05	1.100654E-02
2.303835E-01	6.886551E+00	3.807817E+01	2.427654E-02	9.416435E-05	1.167973E-02
2.513274E-01	4.559975E+00	4.459952E+01	1.682365E-01	1.008266E-04	1.137122E-02
2.722714E-01	7.334338E+00	4.659492E+01	7.806169E-02	1.113057E-04	1.156280E-02
2.932153E-01	9.750629E+00	4.952523E+01	5.157112E-02	1.210288E-04	1.201922E-02
3.141593E-01	6.805162E+00	4.681771E+01	8.732519E-02	1.287493E-04	1.123297E-02
3.351032E-01	1.872450E+01	5.964313E+01	5.182348E-02	1.447178E-04	1.171316E-02
3.560472E-01	1.106525E+01	5.534599E+01	7.927366E-02	1.440117E-04	1.161577E-02
3.769911E-01	1.904916E+01	5.846888E+01	4.064454E-02	1.546247E-04	1.132247E-02
3.979351E-01	7.535009E+00	5.769009E+01	2.083047E-02	1.582356E-04	1.117681E-02
4.188790E-01	9.527382E+00	5.511681E+01	5.606341E-02	1.611471E-04	1.151842E-02
4.398230E-01	1.408920E+01	5.965260E+01	3.702544E-02	1.702125E-04	1.133754E-02
4.607669E-01	8.652193E+00	6.068415E+01	7.215784E-02	1.806012E-04	1.131839E-02
4.817109E-01	7.419866E+00	5.908874E+01	4.305368E-02	1.860188E-04	1.132689E-02
5.026548E-01	1.513761E+01	6.412975E+01	5.669069E-02	1.874014E-04	1.144264E-02
5.235988E-01	1.635691E+01	6.715325E+01	3.862627E-02	1.972381E-04	1.164346E-02
5.445427E-01	6.553630E+00	6.338743E+01	4.168345E-02	1.956619E-04	1.149257E-02
5.654867E-01	1.074700E+01	6.778635E+01	5.994010E-02	2.038855E-04	1.130549E-02
5.864306E-01	1.653956E+01	6.704902E+01	6.408718E-02	2.072227E-04	1.124717E-02
6.073746E-01	1.844532E+01	6.757867E+01	7.262932E-02	2.096002E-04	1.135274E-02
6.283185E-01	1.165891E+01	7.046345E+01	6.744893E-02	2.206106E-04	1.155545E-02
6.492625E-01	2.039803E+01	6.857656E+01	4.267544E-02	2.203988E-04	1.149181E-02
6.702064E-01	1.098096E+01	7.110135E+01	5.187105E-02	2.269180E-04	1.159109E-02
6.911504E-01	1.857255E+01	7.091552E+01	4.430104E-02	2.240053E-04	1.140253E-02
7.120943E-01	1.826114E+01	7.122714E+01	5.066777E-02	2.363661E-04	1.155202E-02
7.330383E-01	1.926876E+01	7.362913E+01	4.595963E-02	2.443790E-04	1.137774E-02
7.539822E-01	1.572611E+01	7.099689E+01	5.787468E-02	2.429380E-04	1.150034E-02
7.749262E-01	1.530596E+01	7.117636E+01	4.227868E-02	2.438135E-04	1.147819E-02
7.958701E-01	1.576339E+01	7.211015E+01	6.504966E-02	2.535188E-04	1.152808E-02
8.168141E-01	1.305113E+01	7.143578E+01	6.862365E-02	2.539316E-04	1.126762E-02
8.377580E-01	1.489925E+01	7.200190E+01	7.547225E-02	2.587341E-04	1.135744E-02
8.587020E-01	1.739634E+01	7.222154E+01	6.697832E-02	2.610704E-04	1.138384E-02
8.796459E-01	1.200818E+01	7.457001E+01	9.035374E-02	2.715652E-04	1.149435E-02
9.005899E-01	1.462397E+01	7.290919E+01	8.104255E-02	2.704087E-04	1.146885E-02
9.215338E-01	1.524245E+01	7.433798E+01	4.806879E-02	2.747106E-04	1.136061E-02
9.424778E-01	2.190268E+01	7.549826E+01	6.359432E-02	2.805145E-04	1.143842E-02
9.634217E-01	1.967909E+01	7.540512E+01	6.827078E-02	2.816808E-04	1.152978E-02
9.843657E-01	2.256006E+01	7.561581E+01	6.067739E-02	2.833249E-04	1.135442E-02
1.005310E+00	2.012169E+01	7.447285E+01	4.866561E-02	2.932995E-04	1.131387E-02
1.026254E+00	1.711041E+01	7.444358E+01	4.994740E-02	2.994620E-04	1.128390E-02
1.047198E+00	2.233381E+01	7.646414E+01	4.832865E-02	3.029712E-04	1.146251E-02
1.068142E+00	2.247087E+01	7.584749E+01	6.692287E-02	3.066107E-04	1.156844E-02
1.089085E+00	2.013812E+01	7.698993E+01	7.756051E-02	3.067409E-04	1.157103E-02
1.110029E+00	2.330314E+01	7.448307E+01	6.127467E-02	3.083668E-04	1.152664E-02
1.130973E+00	2.569148E+01	7.612909E+01	6.745921E-02	3.151929E-04	1.150660E-02
1.151917E+00	2.915939E+01	7.539282E+01	5.648341E-02	3.215885E-04	1.162400E-02
1.172861E+00	2.460757E+01	7.583109E+01	7.271424E-02	3.256846E-04	1.160695E-02
1.193805E+00	2.767638E+01	7.513511E+01	5.644008E-02	3.283159E-04	1.151254E-02
1.214749E+00	2.862280E+01	7.533023E+01	1.007013E-01	3.311512E-04	1.149002E-02
1.235693E+00	2.917513E+01	7.455944E+01	7.712906E-02	3.361296E-04	1.129800E-02
1.256637E+00	3.074753E+01	7.496000E+01	4.835602E-02	3.370616E-04	1.155128E-02
1.277581E+00	2.640370E+01	7.448811E+01	7.368973E-02	3.416395E-04	1.154889E-02
1.298525E+00	3.207199E+01	7.457543E+01	8.150082E-02	3.464653E-04	1.150839E-02
1.319469E+00	2.989767E+01	7.282572E+01	8.278959E-02	3.507487E-04	1.149968E-02
1.340413E+00	3.148463E+01	7.314118E+01	6.097724E-02	3.530984E-04	1.148842E-02
1.361357E+00	3.425437E+01	7.423349E+01	5.287052E-02	3.635074E-04	1.152081E-02
1.382301E+00	3.141403E+01	7.295804E+01	5.927602E-02	3.651998E-04	1.153587E-02
1.403245E+00	3.138357E+01	7.309747E+01	6.070561E-02	3.649896E-04	1.169255E-02
1.424189E+00	3.657610E+01	7.296765E+01	7.830154E-02	3.722300E-04	1.174251E-02
1.445133E+00	3.496109E+01	7.319176E+01	6.775004E-02	3.758569E-04	1.160438E-02
1.466077E+00	3.680113E+01	7.269694E+01	5.588933E-02	3.757494E-04	1.159821E-02
1.487021E+00	3.827657E+01	7.185119E+01	5.420910E-02	3.846006E-04	1.165758E-02
1.507964E+00	3.547032E+01	7.080086E+01	6.302250E-02	3.868922E-04	1.175139E-02
1.528908E+00	3.640261E+01	7.096593E+01	8.371895E-02	3.901725E-04	1.171591E-02
1.549852E+00	4.198713E+01	6.972947E+01	5.285775E-02	3.967243E-04	1.175698E-02
1.570796E+00	4.025212E+01	6.934083E+01	5.867975E-02	3.976340E-04	1.177286E-02
1.591740E+00	4.196780E+01	6.919222E+01	6.797400E-02	4.032444E-04	1.190965E-02
1.612684E+00	4.060949E+01	6.851500E+01	4.811655E-02	4.060564E-04	1.191579E-02
1.633628E+00	4.350716E+01	6.797126E+01	8.789556E-02	4.070223E-04	1.183078E-02
1.654572E+00	4.691338E+01	6.851643E+01	9.605251E-02	4.136388E-04	1.194613E-02
1.675516E+00	4.500020E+01	6.696988E+01	7.862663E-02	4.153443E-04	1.199875E-02
1.696460E+00	4.771932E+01	6.735545E+01	7.970511E-02	4.176064E-04	1.204903E-02
1.717404E+00	4.490456E+01	6.703532E+01	6.165926E-02	4.231448E-04	1.192856E-02
1.738348E+00	3.975215E+01	6.564998E+01	5.745160E-02	4.259202E-04	1.195495E-02
1.759292E+00	4.453430E+01	6.489067E+01	5.984707E-02	4.265799E-04	1.208071E-02
1.780236E+00	5.035035E+01	6.432796E+01	6.182058E-02	4.400285E-04	1.205096E-02
1.801180E+00	4.973288E+01	6.417847E+01	6.238824E-02	4.335661E-04	1.211198E-02
1.822124E+00	4.746434E+01	6.289528E+01	6.584288E-02	4.375786E-04	1.214914E-02
1.843068E+00	4.875949E+01	6.302703E+01	5.811477E-02	4.416005E-04	1.209367E-02
1.864012E+00	4.680436E+01	6.202848E+01	6.540951E-02	4.454014E-04	1.196225E-02
1.884956E+00	5.068946E+01	6.207053E+01	7.520603E-02	4.495897E-04	1.221463E-02
1.905900E+00	5.141485E+01	6.161364E+01	4.589065E-02	4.526524E-04	1.231977E-02
1.926843E+00	4.939979E+01	5.985631E+01	5.766251E-02	4.554182E-04	1.219235E-02
1.947787E+00	4.967778E+01	5.938645E+01	6.635917E-02	4.555333E-04	1.235834E-02
1.968731E+00	5.356283E+01	5.973950E+01	5.196256E-02	4.641373E-04	1.243883E-02
1.989675E+00	5.576046E+01	5.888679E+01	6.460755E-02	4.658160E-04	1.235264E-02
2.010619E+00	5.159432E+01	5.820663E+01	7.180993E-02	4.692135E-04	1.229498E-02
2.031563E+00	5.586794E+01	5.837062E+01	6.276015E-02	4.708326E-04	1.243739E-02
2.052507E+00	5.587760E+01	5.636328E+01	4.412652E-02	4.729674E-04	1.246536E-02
2.073451E+00	5.625597E+01	5.659247E+01	7.179045E-02	4.791118E-04	1.245125E-02
2.094395E+00	5.593017E+01	5.558719E+01	5.200816E-02	4.834746E-04	1.255470E-02
2.115339E+00	5.758941E+01	5.541145E+01	4.844395E-02	4.854240E-04	1.260356E-02
2.136283E+00	5.528525E+01	5.500434E+01	7.393540E-02	4.877565E-04	1.245794E-02
2.157227E+00	5.874854E+01	5.427166E+01	5.670156E-02	4.902288E-04	1.249214E-02
2.178171E+00	5.938303E+01	5.394983E+01	8.420953E-02	4.939403E-04	1.262318E-02
2.199115E+00	6.057541E+01	5.292405E+01	7.725377E-02	4.940411E-04	1.264928E-02
2.220059E+00	6.109830E+01	5.212079E+01	5.400955E-02	5.057146E-04	1.259523E-02
2.241003E+00	5.938944E+01	5.261218E+01	6.023669E-02	5.042863E-04	1.276570E-02
2.261947E+00	6.382287E+01	5.191319E+01	7.971276E-02	5.080811E-04	1.269048E-02
2.282891E+00	6.363744E+01	5.151207E+01	8.160061E-02	5.127915E-04	1.273067E-02
2.303835E+00	6.454078E+01	5.085890E+01	7.928250E-02	5.140706E-04	1.278355E-02
2.324779E+00	6.549508E+01	5.093110E+01	8.846427E-02	5.214992E-04	1.276821E-02
2.345723E+00	6.538465E+01	5.025858E+01	7.820575E-02	5.228457E-04	1.295956E-02
2.366666E+00	7.052147E+01	5.001291E+01	7.854357E-02	5.274787E-04	1.288946E-02
2.387610E+00	6.861607E+01	5.021045E+01	9.987150E-02	5.298376E-04	1.289243E-02
2.408554E+00	7.210882E+01	4.982930E+01	9.253530E-02	5.314308E-04	1.288781E-02
2.429498E+00	9.270635E+01	5.538050E+01	1.653642E-01	5.380612E-04	1.310316E-02
2.450442E+00	9.437485E+01	5.549603E+01	1.419454E-01	5.409060E-04	1.300153E-02
2.471386E+00	9.827016E+01	5.598404E+01	1.245646E-01	5.461065E-04	1.312528E-02
2.492330E+00	9.877635E+01	5.585304E+01	1.415004E-01	5.481604E-04	1.318086E-02
2.513274E+00	1.008101E+02	5.572704E+01	1.734902E-01	5.548254E-04	1.323760E-02
2.534218E+00	1.033652E+02	5.611705E+01	1.764994E-01	5.603155E-04	1.333836E-02
2.555162E+00	1.041452E+02	5.545987E+01	1.384607E-01	5.639824E-04	1.313824E-02
2.576106E+00	1.077443E+02	5.583120E+01	1.858405E-01	5.709501E-04	1.341752E-02
2.597050E+00	1.101526E+02	5.611650E+01	2.040398E-01	5.731810E-04	1.330069E-02
2.617994E+00	1.151984E+02	5.667150E+01	1.845904E-01	5.789763E-04	1.334474E-02
2.638938E+00	1.189204E+02	5.671124E+01	2.033438E-01	5.872379E-04	1.352036E-02
2.659882E+00	1.211212E+02	5.705773E+01	2.276725E-01	5.868853E-04	1.364215E-02
