4.188790E-02	2.798846E+00	6.577542E+00	0.000000E+00	6.717869E-06	1.108309E-02
6.283185E-02	-3.336227E+00	1.279417E+01	1.752028E-02	1.339498E-05	1.076302E-02
8.377580E-02	6.046506E-01	1.955703E+01	9.727512E-03	1.838508E-05	1.212068E-02
1.047198E-01	-1.584575E+00	2.793523E+01	5.616485E-03	2.770139E-05	1.196515E-02
1.256637E-01	3.303339E+00	3.369767E+01	2.506289E-02	3.906466E-05	1.145630E-02
1.466077E-01	3.067815E+00	4.005874E+01	5.078433E-02	4.414287E-05	1.230113E-02
1.675516E-01	1.588387E+00	4.703057E+01	1.810142E-02	5.024051E-05	1.284064E-02
1.884956E-01	-3.467092E+00	4.885759E+01	5.455196E-02	5.577633E-05	1.329285E-02
2.094395E-01	1.216546E+01	5.438546E+01	6.969664E-02	6.607033E-05	1.193651E-02
2.303835E-01	9.232907E+00	5.359215E+01	2.092870E-02	6.617143E-05	1.268049E-02
2.513274E-01	6.156443E+00	5.698946E+01	1.734062E-01	7.145995E-05	1.229309E-02
2.722714E-01	1.124623E+01	6.477275E+01	1.140257E-01	7.863477E-05	1.260143E-02
2.932153E-01	1.191776E+01	7.048070E+01	4.796143E-02	8.539782E-05	1.300732E-02
3.141593E-01	4.025699E+00	6.239896E+01	8.137272E-02	9.045590E-05	1.219103E-02
3.351032E-01	2.115923E+01	8.010504E+01	4.734057E-02	1.022423E-04	1.265499E-02
3.560472E-01	1.361957E+01	7.226653E+01	7.643257E-02	1.017558E-04	1.247507E-02
3.769911E-01	1.792278E+01	7.616989E+01	2.246409E-02	1.091280E-04	1.235608E-02
3.979351E-01	6.012545E+00	7.464358E+01	4.257570E-02	1.124324E-04	1.206370E-02
4.188790E-01	1.151351E+01	7.136808E+01	5.973974E-02	1.146184E-04	1.248205E-02
4.398230E-01	1.395878E+01	7.552909E+01	4.739819E-02	1.204025E-04	1.221089E-02
4.607669E-01	5.918606E+00	8.151519E+01	6.998250E-02	1.297911E-04	1.222431E-02
4.817109E-01	1.315247E+01	8.412407E+01	3.446701E-02	1.348595E-04	1.231250E-02
5.026548E-01	1.957857E+01	7.982731E+01	6.372069E-02	1.340642E-04	1.229062E-02
5.235988E-01	2.808677E+01	8.964868E+01	2.629670E-02	1.421328E-04	1.252985E-02
5.445427E-01	1.312431E+01	8.535132E+01	5.794874E-02	1.436819E-04	1.232113E-02
5.654867E-01	1.778409E+01	8.633681E+01	4.638653E-02	1.489863E-04	1.228539E-02
5.864306E-01	1.872177E+01	8.684042E+01	7.600178E-02	1.522368E-04	1.218693E-02
6.073746E-01	1.944543E+01	8.682614E+01	4.742730E-02	1.546773E-04	1.239104E-02
6.283185E-01	2.261087E+01	9.522610E+01	6.734706E-02	1.631373E-04	1.252084E-02
6.492625E-01	2.500922E+01	9.059585E+01	5.357772E-02	1.640351E-04	1.232049E-02
6.702064E-01	2.247878E+01	9.770913E+01	4.966709E-02	1.720364E-04	1.267446E-02
6.911504E-01	2.905470E+01	9.016484E+01	4.758679E-02	1.706222E-04	1.219771E-02
7.120943E-01	3.598120E+01	9.776275E+01	6.207502E-02	1.804658E-04	1.265763E-02
7.330383E-01	3.027008E+01	9.987169E+01	4.615470E-02	1.852287E-04	1.243696E-02
7.539822E-01	2.278552E+01	9.768990E+01	4.099410E-02	1.874959E-04	1.240366E-02
7.749262E-01	3.351645E+01	9.792836E+01	7.122934E-02	1.917924E-04	1.248539E-02
7.958701E-01	3.450894E+01	9.784718E+01	5.379588E-02	1.978159E-04	1.238164E-02
8.168141E-01	3.052334E+01	9.553397E+01	6.134376E-02	1.989518E-04	1.232301E-02
8.377580E-01	4.356509E+01	1.021582E+02	8.408002E-02	2.049393E-04	1.243529E-02
8.587020E-01	2.953346E+01	9.681898E+01	4.392531E-02	2.075066E-04	1.230695E-02
8.796459E-01	3.558586E+01	1.031414E+02	6.184284E-02	2.210945E-04	1.238679E-02
9.005899E-01	4.129916E+01	1.049777E+02	6.887258E-02	2.202790E-04	1.252482E-02
9.215338E-01	4.155907E+01	1.033173E+02	6.237101E-02	2.231309E-04	1.235133E-02
9.424778E-01	4.538569E+01	1.038510E+02	5.487590E-02	2.261050E-04	1.235071E-02
9.634217E-01	5.588332E+01	1.061658E+02	6.979743E-02	2.308771E-04	1.243485E-02
9.843657E-01	5.497684E+01	1.076929E+02	7.097489E-02	2.372647E-04	1.248156E-02
1.005310E+00	4.980474E+01	1.073952E+02	7.485319E-02	2.453432E-04	1.225494E-02
1.026254E+00	4.999916E+01	1.110411E+02	7.957309E-02	2.512002E-04	1.251596E-02
1.047198E+00	5.037958E+01	1.137180E+02	7.753802E-02	2.552730E-04	1.261726E-02
1.068142E+00	6.413288E+01	1.137245E+02	1.089671E-01	2.575251E-04	1.269414E-02
1.089085E+00	6.681327E+01	1.133224E+02	7.295518E-02	2.622926E-04	1.270119E-02
1.110029E+00	6.840052E+01	1.112133E+02	9.225214E-02	2.635060E-04	1.254930E-02
1.130973E+00	7.137550E+01	1.133341E+02	1.168194E-01	2.694717E-04	1.261880E-02
1.151917E+00	6.691725E+01	1.148585E+02	7.490359E-02	2.754801E-04	1.270327E-02
1.172861E+00	7.324972E+01	1.148423E+02	8.566387E-02	2.822435E-04	1.262350E-02
1.193805E+00	7.566875E+01	1.156261E+02	1.009774E-01	2.864155E-04	1.261271E-02
1.214749E+00	8.099247E+01	1.154779E+02	9.787132E-02	2.920086E-04	1.255078E-02
1.235693E+00	8.179358E+01	1.160401E+02	1.159918E-01	2.948409E-04	1.258806E-02
1.256637E+00	8.223328E+01	1.157984E+02	1.608529E-01	2.975466E-04	1.271491E-02
1.277581E+00	8.357198E+01	1.165727E+02	9.255706E-02	3.036865E-04	1.269500E-02
1.298525E+00	9.689530E+01	1.169185E+02	1.459135E-01	3.054391E-04	1.272872E-02
1.319469E+00	8.717742E+01	1.188670E+02	1.147615E-01	3.100702E-04	1.290598E-02
1.340413E+00	9.398582E+01	1.170395E+02	1.217000E-01	3.142573E-04	1.269151E-02
1.361357E+00	1.049424E+02	1.189982E+02	1.279113E-01	3.215367E-04	1.285479E-02
1.382301E+00	1.077630E+02	1.182527E+02	1.558093E-01	3.251609E-04	1.273616E-02
1.403245E+00	9.961382E+01	1.172238E+02	1.365127E-01	3.224164E-04	1.282438E-02
1.424189E+00	1.062911E+02	1.192424E+02	1.560067E-01	3.306215E-04	1.292643E-02
1.445133E+00	1.062056E+02	1.172308E+02	1.517869E-01	3.317879E-04	1.293232E-02
1.466077E+00	1.098518E+02	1.196730E+02	1.424959E-01	3.368797E-04	1.305375E-02
1.487021E+00	1.125761E+02	1.189275E+02	1.269413E-01	3.440426E-04	1.286901E-02
1.507964E+00	1.148458E+02	1.205863E+02	1.604217E-01	3.455433E-04	1.312017E-02
1.528908E+00	1.138836E+02	1.182102E+02	1.675417E-01	3.450829E-04	1.311467E-02
1.549852E+00	1.157286E+02	1.203386E+02	1.390156E-01	3.519878E-04	1.320229E-02
1.570796E+00	1.168594E+02	1.181206E+02	1.836112E-01	3.520158E-04	1.313407E-02
1.591740E+00	1.182431E+02	1.165595E+02	1.713634E-01	3.531343E-04	1.306993E-02
1.612684E+00	1.201716E+02	1.179682E+02	2.025977E-01	3.603001E-04	1.315513E-02
1.633628E+00	1.232704E+02	1.178135E+02	1.999225E-01	3.631225E-04	1.314050E-02
1.654572E+00	1.202121E+02	1.162115E+02	1.419541E-01	3.664577E-04	1.307993E-02
1.675516E+00	1.288225E+02	1.162024E+02	1.826794E-01	3.680551E-04	1.318795E-02
1.696460E+00	1.275081E+02	1.174892E+02	2.000711E-01	3.718415E-04	1.322984E-02
1.717404E+00	1.287574E+02	1.163812E+02	1.719949E-01	3.735700E-04	1.331186E-02
1.738348E+00	1.244406E+02	1.157413E+02	1.528285E-01	3.763899E-04	1.326329E-02
1.759292E+00	1.333918E+02	1.155391E+02	1.830022E-01	3.810096E-04	1.339424E-02
1.780236E+00	1.287017E+02	1.140557E+02	1.750436E-01	3.840915E-04	1.318746E-02
1.801180E+00	1.356996E+02	1.141768E+02	2.073137E-01	3.840273E-04	1.335882E-02
1.822124E+00	1.353274E+02	1.142250E+02	1.919356E-01	3.877564E-04	1.342242E-02
1.843068E+00	1.358804E+02	1.132878E+02	1.754325E-01	3.920491E-04	1.336002E-02
1.864012E+00	1.296041E+02	1.121866E+02	1.779567E-01	3.941607E-04	1.335877E-02
1.884956E+00	1.402201E+02	1.131452E+02	1.896202E-01	3.946008E-04	1.352228E-02
1.905900E+00	1.368325E+02	1.120497E+02	1.845902E-01	3.976592E-04	1.360600E-02
1.926843E+00	1.365761E+02	1.111868E+02	1.739904E-01	3.973614E-04	1.354139E-02
1.947787E+00	1.414515E+02	1.116656E+02	2.137586E-01	4.026813E-04	1.364550E-02
1.968731E+00	1.453547E+02	1.106909E+02	2.268996E-01	4.052103E-04	1.358599E-02
1.989675E+00	1.448558E+02	1.099978E+02	2.167075E-01	4.074095E-04	1.362488E-02
2.010619E+00	1.412798E+02	1.095959E+02	1.951586E-01	4.096254E-04	1.362284E-02
2.031563E+00	1.385681E+02	1.082266E+02	2.043172E-01	4.090180E-04	1.368334E-02
2.052507E+00	1.468653E+02	1.097025E+02	2.177992E-01	4.174725E-04	1.371586E-02
2.073451E+00	1.407781E+02	1.069188E+02	1.936188E-01	4.173376E-04	1.357694E-02
2.094395E+00	1.496921E+02	1.088589E+02	1.989517E-01	4.234983E-04	1.374895E-02
2.115339E+00	1.396140E+02	1.066529E+02	2.056039E-01	4.181838E-04	1.379133E-02
2.136283E+00	1.465793E+02	1.063533E+02	2.171970E-01	4.244676E-04	1.383581E-02
2.157227E+00	1.399854E+02	1.052995E+02	1.815178E-01	4.241820E-04	1.377538E-02
2.178171E+00	1.388506E+02	1.063129E+02	1.910964E-01	4.323004E-04	1.384218E-02
2.199115E+00	1.477730E+02	1.052698E+02	1.942404E-01	4.332437E-04	1.390341E-02
2.220059E+00	1.510471E+02	1.042515E+02	2.012362E-01	4.358729E-04	1.383784E-02
2.241003E+00	1.426111E+02	1.026385E+02	1.810377E-01	4.345616E-04	1.380467E-02
2.261947E+00	1.504025E+02	1.038994E+02	1.936924E-01	4.408305E-04	1.395840E-02
2.282891E+00	1.538355E+02	1.043305E+02	1.995835E-01	4.430637E-04	1.413077E-02
2.303835E+00	1.478190E+02	1.030376E+02	1.803102E-01	4.467149E-04	1.403506E-02
2.324779E+00	1.493549E+02	1.016778E+02	2.055420E-01	4.452913E-04	1.405511E-02
2.345723E+00	1.486964E+02	1.020761E+02	2.002673E-01	4.508829E-04	1.400075E-02
2.366666E+00	1.564234E+02	1.018944E+02	2.058575E-01	4.572233E-04	1.410262E-02
2.387610E+00	1.540513E+02	1.005658E+02	1.882754E-01	4.560893E-04	1.403035E-02
2.408554E+00	1.539000E+02	1.011021E+02	1.977342E-01	4.611190E-04	1.410720E-02
2.429498E+00	1.653103E+02	1.043079E+02	1.939174E-01	4.657743E-04	1.408347E-02
2.450442E+00	1.640956E+02	1.045949E+02	1.824740E-01	4.675973E-04	1.416289E-02
2.471386E+00	1.715493E+02	1.052122E+02	1.851383E-01	4.743487E-04	1.423192E-02
2.492330E+00	1.671216E+02	1.050070E+02	1.791491E-01	4.770524E-04	1.433874E-02
2.513274E+00	1.700452E+02	1.040615E+02	1.974358E-01	4.769133E-04	1.426866E-02
2.534218E+00	1.741645E+02	1.051806E+02	1.761337E-01	4.840566E-04	1.444588E-02
2.555162E+00	1.783623E+02	1.042689E+02	1.884783E-01	4.887964E-04	1.437044E-02
2.576106E+00	1.788019E+02	1.041628E+02	1.950102E-01	4.917135E-04	1.444478E-02
2.597050E+00	1.793806E+02	1.036908E+02	1.830750E-01	4.958920E-04	1.435040E-02
2.617994E+00	1.827427E+02	1.050222E+02	2.031083E-01	5.011337E-04	1.461110E-02
2.638938E+00	1.906027E+02	1.039562E+02	1.955526E-01	5.070619E-04	1.457585E-02
2.659882E+00	1.886006E+02	1.048673E+02	1.991366E-01	5.123556E-04	1.465882E-02
