4.188790E-02	2.227680E+00	5.451958E+00	0.000000E+00	9.049065E-08	2.135683E-04
6.283185E-02	-3.009366E+00	1.042627E+01	1.570071E-02	1.806704E-07	2.070678E-04
8.377580E-02	4.070312E-01	1.625080E+01	1.056964E-02	2.482867E-07	2.342047E-04
1.047198E-01	-1.511423E+00	2.262251E+01	8.564528E-03	3.735229E-07	2.305928E-04
1.256637E-01	2.306828E+00	2.747905E+01	2.714151E-02	5.268790E-07	2.203248E-04
1.466077E-01	2.017683E+00	3.235369E+01	5.912462E-02	5.964925E-07	2.359257E-04
1.675516E-01	8.180208E-01	3.785783E+01	2.033996E-02	6.776849E-07	2.476648E-04
1.884956E-01	-4.140760E+00	4.008525E+01	5.568599E-02	7.524682E-07	2.565126E-04
2.094395E-01	8.843796E+00	4.456591E+01	6.653757E-02	8.925804E-07	2.308442E-04
2.303835E-01	5.859374E+00	4.413698E+01	2.247441E-02	8.931734E-07	2.444783E-04
2.513274E-01	4.092235E+00	4.606544E+01	1.711140E-01	9.709604E-07	2.362986E-04
2.722714E-01	7.826743E+00	5.361987E+01	1.075851E-01	1.067144E-06	2.454297E-04
2.932153E-01	9.360507E+00	5.772610E+01	4.710888E-02	1.169975E-06	2.503191E-04
3.141593E-01	3.336191E+00	5.142258E+01	8.414191E-02	1.230123E-06	2.322948E-04
3.351032E-01	1.678747E+01	6.581106E+01	5.391676E-02	1.397411E-06	2.454073E-04
3.560472E-01	1.223283E+01	6.078810E+01	7.146387E-02	1.401708E-06	2.399545E-04
3.769911E-01	1.418624E+01	6.367342E+01	2.288053E-02	1.511838E-06	2.404982E-04
3.979351E-01	3.908391E+00	6.189198E+01	3.763476E-02	1.569824E-06	2.318430E-04
4.188790E-01	1.018792E+01	5.959689E+01	6.631637E-02	1.598475E-06	2.388771E-04
4.398230E-01	1.119358E+01	6.493651E+01	4.592338E-02	1.692699E-06	2.361257E-04
4.607669E-01	4.686391E+00	6.680946E+01	7.040347E-02	1.804291E-06	2.364293E-04
4.817109E-01	6.951960E+00	6.900646E+01	4.206032E-02	1.904341E-06	2.377498E-04
5.026548E-01	1.728504E+01	6.837649E+01	5.179950E-02	1.920051E-06	2.377396E-04
5.235988E-01	2.368782E+01	7.500986E+01	4.129826E-02	2.049142E-06	2.415456E-04
5.445427E-01	1.448895E+01	7.242715E+01	4.829089E-02	2.060204E-06	2.365872E-04
5.654867E-01	1.542793E+01	7.565657E+01	2.658409E-02	2.176540E-06	2.400611E-04
5.864306E-01	2.334501E+01	7.711390E+01	8.511452E-02	2.246403E-06	2.353507E-04
6.073746E-01	1.751141E+01	7.650502E+01	5.352832E-02	2.283264E-06	2.404290E-04
6.283185E-01	2.470876E+01	8.389908E+01	5.549055E-02	2.426853E-06	2.436262E-04
6.492625E-01	2.311014E+01	7.974885E+01	6.997175E-02	2.456584E-06	2.381841E-04
6.702064E-01	2.614604E+01	8.444508E+01	4.758247E-02	2.593348E-06	2.403969E-04
6.911504E-01	3.955068E+01	8.107393E+01	7.937091E-02	2.593718E-06	2.360687E-04
7.120943E-01	4.005093E+01	8.988543E+01	4.575624E-02	2.787255E-06	2.445998E-04
7.330383E-01	3.684408E+01	9.018197E+01	7.383704E-02	2.879075E-06	2.402691E-04
7.539822E-01	3.035293E+01	8.680198E+01	5.000977E-02	2.906035E-06	2.381697E-04
7.749262E-01	3.777755E+01	9.022029E+01	7.614951E-02	2.960773E-06	2.461266E-04
7.958701E-01	4.540287E+01	8.996919E+01	5.721863E-02	3.070985E-06	2.418474E-04
8.168141E-01	4.259802E+01	9.112750E+01	8.360744E-02	3.163940E-06	2.398276E-04
8.377580E-01	4.263363E+01	9.229230E+01	8.434879E-02	3.260646E-06	2.408176E-04
8.587020E-01	5.138888E+01	9.259017E+01	8.697877E-02	3.344867E-06	2.404161E-04
8.796459E-01	4.832485E+01	9.362485E+01	8.474976E-02	3.480914E-06	2.386684E-04
9.005899E-01	5.106113E+01	9.600449E+01	7.699923E-02	3.557201E-06	2.425049E-04
9.215338E-01	6.340789E+01	9.602901E+01	7.880256E-02	3.616160E-06	2.422039E-04
9.424778E-01	5.224533E+01	9.572855E+01	6.944714E-02	3.621362E-06	2.433293E-04
9.634217E-01	5.891701E+01	9.637933E+01	7.435804E-02	3.710819E-06	2.455288E-04
9.843657E-01	6.310366E+01	9.629705E+01	9.402462E-02	3.836046E-06	2.421371E-04
1.005310E+00	6.283671E+01	9.750276E+01	8.557276E-02	3.971812E-06	2.425177E-04
1.026254E+00	6.696185E+01	9.711170E+01	1.155068E-01	4.009964E-06	2.420525E-04
1.047198E+00	6.253701E+01	1.006143E+02	8.896587E-02	4.181593E-06	2.437613E-04
1.068142E+00	7.689616E+01	1.014883E+02	1.132636E-01	4.208920E-06	2.471963E-04
1.089085E+00	7.547217E+01	1.001332E+02	9.298663E-02	4.276937E-06	2.473313E-04
1.110029E+00	8.196865E+01	1.015122E+02	1.131642E-01	4.352489E-06	2.488901E-04
1.130973E+00	7.317510E+01	9.952098E+01	1.017328E-01	4.401410E-06	2.460489E-04
1.151917E+00	7.829427E+01	1.002821E+02	8.696681E-02	4.434546E-06	2.496650E-04
1.172861E+00	8.190304E+01	1.023890E+02	1.151266E-01	4.610721E-06	2.519446E-04
1.193805E+00	8.555752E+01	1.023815E+02	1.122886E-01	4.659851E-06	2.510655E-04
1.214749E+00	8.443997E+01	9.958204E+01	9.423485E-02	4.737794E-06	2.477636E-04
1.235693E+00	8.930827E+01	1.008080E+02	1.071378E-01	4.842560E-06	2.480184E-04
1.256637E+00	8.382595E+01	9.763051E+01	1.335173E-01	4.806210E-06	2.481621E-04
1.277581E+00	8.511409E+01	9.880898E+01	1.128036E-01	4.858838E-06	2.525004E-04
1.298525E+00	9.386660E+01	9.939487E+01	1.211592E-01	5.003722E-06	2.523559E-04
1.319469E+00	9.087941E+01	9.837128E+01	1.090886E-01	5.015261E-06	2.526099E-04
1.340413E+00	9.142347E+01	9.680619E+01	1.130305E-01	5.092809E-06	2.484747E-04
1.361357E+00	9.588644E+01	9.709987E+01	1.247148E-01	5.204923E-06	2.503250E-04
1.382301E+00	1.019163E+02	9.665446E+01	1.120038E-01	5.208197E-06	2.531415E-04
1.403245E+00	9.332196E+01	9.540839E+01	1.093979E-01	5.244728E-06	2.522326E-04
1.424189E+00	9.757225E+01	9.540428E+01	1.074107E-01	5.372049E-06	2.518968E-04
1.445133E+00	9.560901E+01	9.651590E+01	1.045605E-01	5.408368E-06	2.570980E-04
1.466077E+00	9.037439E+01	9.400347E+01	9.889549E-02	5.415854E-06	2.542506E-04
1.487021E+00	1.013073E+02	9.430016E+01	8.427192E-02	5.533498E-06	2.561077E-04
1.507964E+00	1.008296E+02	9.413184E+01	1.070961E-01	5.562557E-06	2.567467E-04
1.528908E+00	9.988832E+01	9.066682E+01	1.249258E-01	5.581890E-06	2.551689E-04
1.549852E+00	9.791428E+01	9.239302E+01	1.160097E-01	5.625022E-06	2.579544E-04
1.570796E+00	9.883416E+01	9.068953E+01	1.111105E-01	5.664593E-06	2.569010E-04
1.591740E+00	1.012795E+02	9.015561E+01	9.240571E-02	5.707907E-06	2.593491E-04
1.612684E+00	9.885887E+01	8.868280E+01	1.192366E-01	5.778177E-06	2.565138E-04
1.633628E+00	9.673455E+01	8.771465E+01	1.053168E-01	5.801217E-06	2.566134E-04
1.654572E+00	9.927620E+01	8.783523E+01	9.475158E-02	5.859027E-06	2.593572E-04
1.675516E+00	9.730584E+01	8.600501E+01	9.502006E-02	5.915845E-06	2.554727E-04
1.696460E+00	9.650322E+01	8.635700E+01	1.083733E-01	5.971722E-06	2.572392E-04
1.717404E+00	9.971803E+01	8.503152E+01	9.249943E-02	5.981042E-06	2.595629E-04
1.738348E+00	9.826425E+01	8.386306E+01	8.242942E-02	5.991905E-06	2.617246E-04
1.759292E+00	1.010846E+02	8.233009E+01	9.182834E-02	6.076489E-06	2.586591E-04
1.780236E+00	9.963759E+01	8.233500E+01	8.972874E-02	6.151147E-06	2.579649E-04
1.801180E+00	1.004400E+02	8.045085E+01	1.066629E-01	6.139031E-06	2.582443E-04
1.822124E+00	9.541239E+01	7.891932E+01	8.677031E-02	6.184304E-06	2.584441E-04
1.843068E+00	9.897606E+01	7.963542E+01	7.768214E-02	6.220569E-06	2.593536E-04
1.864012E+00	9.303516E+01	7.877749E+01	9.116558E-02	6.253340E-06	2.590968E-04
1.884956E+00	1.001010E+02	7.708863E+01	8.639540E-02	6.317362E-06	2.594709E-04
1.905900E+00	9.710546E+01	7.697862E+01	7.058691E-02	6.334991E-06	2.613306E-04
1.926843E+00	9.747341E+01	7.642933E+01	5.547337E-02	6.410615E-06	2.610287E-04
1.947787E+00	1.000131E+02	7.602022E+01	8.440344E-02	6.428119E-06	2.650886E-04
1.968731E+00	9.947335E+01	7.511057E+01	6.649986E-02	6.531683E-06	2.608349E-04
1.989675E+00	9.897298E+01	7.335189E+01	8.259290E-02	6.463492E-06	2.611839E-04
2.010619E+00	9.771198E+01	7.219253E+01	4.494569E-02	6.521007E-06	2.630643E-04
2.031563E+00	9.383531E+01	7.128759E+01	4.418579E-02	6.573533E-06	2.604365E-04
2.052507E+00	1.042843E+02	7.204148E+01	6.363965E-02	6.700411E-06	2.640119E-04
2.073451E+00	9.940151E+01	7.098497E+01	5.026103E-02	6.675844E-06	2.644736E-04
2.094395E+00	1.022844E+02	7.072413E+01	6.282985E-02	6.764484E-06	2.652495E-04
2.115339E+00	9.944188E+01	6.927239E+01	7.606880E-02	6.764300E-06	2.662711E-04
2.136283E+00	1.020332E+02	6.846902E+01	7.278976E-02	6.780521E-06	2.665436E-04
2.157227E+00	9.780113E+01	6.859517E+01	6.339257E-02	6.838193E-06	2.654602E-04
2.178171E+00	1.003258E+02	6.750750E+01	5.516371E-02	6.936700E-06	2.635155E-04
2.199115E+00	1.044322E+02	6.708277E+01	6.079713E-02	6.952514E-06	2.664297E-04
2.220059E+00	1.028711E+02	6.733701E+01	6.580578E-02	7.012346E-06	2.679018E-04
2.241003E+00	1.019732E+02	6.558286E+01	5.304112E-02	6.992918E-06	2.647635E-04
2.261947E+00	1.008923E+02	6.448321E+01	6.479405E-02	7.085014E-06	2.641468E-04
2.282891E+00	1.060084E+02	6.455203E+01	7.102453E-02	7.125156E-06	2.677866E-04
2.303835E+00	1.054808E+02	6.439143E+01	6.334629E-02	7.190014E-06	2.680880E-04
2.324779E+00	1.069717E+02	6.374695E+01	6.997774E-02	7.282505E-06	2.670523E-04
2.345723E+00	1.091159E+02	6.293809E+01	6.763742E-02	7.307301E-06	2.678554E-04
2.366666E+00	1.094544E+02	6.326711E+01	6.207973E-02	7.334221E-06	2.687123E-04
2.387610E+00	1.079602E+02	6.156135E+01	5.539265E-02	7.394799E-06	2.663723E-04
2.408554E+00	1.120437E+02	6.226065E+01	4.804830E-02	7.484395E-06	2.700661E-04
2.429498E+00	1.154145E+02	6.210836E+01	6.729691E-02	7.594122E-06	2.704244E-04
2.450442E+00	1.131285E+02	6.090299E+01	6.945966E-02	7.582360E-06	2.669568E-04
2.471386E+00	1.158051E+02	6.056097E+01	7.999516E-02	7.649278E-06	2.696805E-04
2.492330E+00	1.164888E+02	6.125948E+01	7.125924E-02	7.744285E-06	2.702131E-04
2.513274E+00	1.199911E+02	6.069296E+01	8.571824E-02	7.762933E-06	2.724094E-04
2.534218E+00	1.246697E+02	6.046363E+01	8.282131E-02	7.857917E-06	2.715203E-04
2.555162E+00	1.242327E+02	6.024950E+01	1.055915E-01	7.924150E-06	2.746896E-04
2.576106E+00	1.249613E+02	5.984688E+01	1.039076E-01	7.980711E-06	2.724982E-04
2.597050E+00	1.299875E+02	5.959425E+01	8.717304E-02	8.055618E-06	2.743731E-04
2.617994E+00	1.328143E+02	6.009558E+01	1.163937E-01	8.157019E-06	2.763885E-04
2.638938E+00	1.349288E+02	5.987566E+01	1.422745E-01	8.239716E-06	2.770092E-04
2.659882E+00	1.396413E+02	5.950161E+01	1.222983E-01	8.334585E-06	2.772677E-04
