4.188790E-02	1.956531E+00	4.688157E+00	0.000000E+00	1.990093E-09	7.281884E-06
6.283185E-02	-2.593851E+00	8.895060E+00	1.387308E-02	3.984729E-09	7.020553E-06
8.377580E-02	6.081256E-01	1.385182E+01	1.442410E-02	5.453361E-09	7.922400E-06
1.047198E-01	-1.351716E+00	1.983337E+01	5.887554E-03	8.251859E-09	7.830143E-06
1.256637E-01	2.680935E+00	2.438390E+01	2.735214E-02	1.163593E-08	7.453414E-06
1.466077E-01	2.136068E+00	2.874923E+01	6.813614E-02	1.322065E-08	8.044644E-06
1.675516E-01	8.547632E-01	3.343842E+01	1.699205E-02	1.502074E-08	8.441968E-06
1.884956E-01	-4.531952E+00	3.452276E+01	4.714674E-02	1.668512E-08	8.686633E-06
2.094395E-01	9.369294E+00	3.964833E+01	6.808644E-02	1.982875E-08	7.839000E-06
2.303835E-01	6.765280E+00	3.967336E+01	1.841467E-02	2.026424E-08	8.263618E-06
2.513274E-01	4.646629E+00	4.205823E+01	1.751743E-01	2.207092E-08	7.890442E-06
2.722714E-01	6.714936E+00	4.598267E+01	1.107565E-01	2.404734E-08	8.191092E-06
2.932153E-01	1.090174E+01	5.142876E+01	4.903367E-02	2.715656E-08	8.330891E-06
3.141593E-01	3.808500E+00	4.892420E+01	9.037446E-02	2.902114E-08	7.969610E-06
3.351032E-01	1.970874E+01	6.235486E+01	4.117308E-02	3.276138E-08	8.298152E-06
3.560472E-01	1.518618E+01	5.656283E+01	7.914204E-02	3.293228E-08	8.220447E-06
3.769911E-01	1.617465E+01	6.107665E+01	2.009723E-02	3.577178E-08	8.219056E-06
3.979351E-01	9.726728E+00	5.978125E+01	4.287114E-02	3.794726E-08	7.881168E-06
4.188790E-01	1.536916E+01	6.210931E+01	5.540144E-02	3.890242E-08	8.302900E-06
4.398230E-01	2.111463E+01	6.376978E+01	4.068122E-02	4.180915E-08	7.989073E-06
4.607669E-01	1.109480E+01	6.708967E+01	4.886662E-02	4.403582E-08	8.173669E-06
4.817109E-01	1.864264E+01	7.240852E+01	4.100918E-02	4.779461E-08	8.195837E-06
5.026548E-01	2.933712E+01	7.280016E+01	5.721487E-02	4.896122E-08	8.064610E-06
5.235988E-01	3.474747E+01	8.155337E+01	4.154038E-02	5.240231E-08	8.560562E-06
5.445427E-01	2.826813E+01	7.871532E+01	5.851456E-02	5.331997E-08	8.176254E-06
5.654867E-01	2.767452E+01	7.893844E+01	4.924579E-02	5.656848E-08	8.251611E-06
5.864306E-01	3.749594E+01	8.489018E+01	7.297127E-02	5.878083E-08	8.233508E-06
6.073746E-01	3.473282E+01	8.449354E+01	9.227662E-02	6.149304E-08	8.159621E-06
6.283185E-01	4.470865E+01	8.892681E+01	1.047534E-01	6.406974E-08	8.237494E-06
6.492625E-01	4.352190E+01	8.842757E+01	7.371274E-02	6.566898E-08	8.139494E-06
6.702064E-01	4.531644E+01	9.105472E+01	5.576006E-02	6.800972E-08	8.272241E-06
6.911504E-01	6.734174E+01	9.752676E+01	1.087595E-01	7.130362E-08	8.400908E-06
7.120943E-01	6.344245E+01	9.440346E+01	7.810752E-02	7.308226E-08	8.207429E-06
7.330383E-01	7.172438E+01	1.017678E+02	9.680474E-02	7.736007E-08	8.343626E-06
7.539822E-01	6.468221E+01	1.012525E+02	6.441809E-02	7.894684E-08	8.265259E-06
7.749262E-01	7.676589E+01	1.020842E+02	1.177759E-01	8.055633E-08	8.432969E-06
7.958701E-01	7.804914E+01	1.039164E+02	1.120873E-01	8.333950E-08	8.426258E-06
8.168141E-01	7.953976E+01	1.035795E+02	9.979754E-02	8.567730E-08	8.229306E-06
8.377580E-01	8.116118E+01	1.072193E+02	1.421819E-01	8.818772E-08	8.320795E-06
8.587020E-01	9.242578E+01	1.075038E+02	1.308106E-01	9.113162E-08	8.287117E-06
8.796459E-01	9.028253E+01	1.120789E+02	1.319357E-01	9.277752E-08	8.502194E-06
9.005899E-01	9.312623E+01	1.124778E+02	1.163155E-01	9.689503E-08	8.288748E-06
9.215338E-01	1.054294E+02	1.136351E+02	1.483142E-01	9.776640E-08	8.505794E-06
9.424778E-01	1.011945E+02	1.129604E+02	1.180694E-01	9.894186E-08	8.405994E-06
9.634217E-01	1.103503E+02	1.148912E+02	1.311472E-01	1.015457E-07	8.453137E-06
9.843657E-01	1.097234E+02	1.160202E+02	1.496599E-01	1.042389E-07	8.474041E-06
1.005310E+00	1.074857E+02	1.175566E+02	1.603423E-01	1.069762E-07	8.493998E-06
1.026254E+00	1.210874E+02	1.190785E+02	1.677875E-01	1.093328E-07	8.515276E-06
1.047198E+00	1.117109E+02	1.203965E+02	1.252860E-01	1.118589E-07	8.481553E-06
1.068142E+00	1.227614E+02	1.221884E+02	1.726941E-01	1.125980E-07	8.637301E-06
1.089085E+00	1.241761E+02	1.206993E+02	1.601159E-01	1.150821E-07	8.526495E-06
1.110029E+00	1.241381E+02	1.184554E+02	1.727462E-01	1.153898E-07	8.465784E-06
1.130973E+00	1.334572E+02	1.222871E+02	2.155650E-01	1.184729E-07	8.584892E-06
1.151917E+00	1.387567E+02	1.217244E+02	2.086983E-01	1.206916E-07	8.587119E-06
1.172861E+00	1.358980E+02	1.250744E+02	2.012677E-01	1.230244E-07	8.682072E-06
1.193805E+00	1.354593E+02	1.219297E+02	2.073491E-01	1.237956E-07	8.551668E-06
1.214749E+00	1.407641E+02	1.244433E+02	1.851897E-01	1.267457E-07	8.634940E-06
1.235693E+00	1.349097E+02	1.239631E+02	1.969262E-01	1.294517E-07	8.562707E-06
1.256637E+00	1.380301E+02	1.227546E+02	2.106340E-01	1.287054E-07	8.608056E-06
1.277581E+00	1.310535E+02	1.229155E+02	1.677694E-01	1.292317E-07	8.650187E-06
1.298525E+00	1.464466E+02	1.224033E+02	2.293625E-01	1.318010E-07	8.604917E-06
1.319469E+00	1.450057E+02	1.256885E+02	1.752971E-01	1.345060E-07	8.705282E-06
1.340413E+00	1.462699E+02	1.241961E+02	2.124804E-01	1.358217E-07	8.645204E-06
1.361357E+00	1.556131E+02	1.259866E+02	2.293808E-01	1.387074E-07	8.745166E-06
1.382301E+00	1.553704E+02	1.234458E+02	2.260745E-01	1.387890E-07	8.678852E-06
1.403245E+00	1.512641E+02	1.243358E+02	2.237811E-01	1.402121E-07	8.707510E-06
1.424189E+00	1.504476E+02	1.221385E+02	1.968150E-01	1.409702E-07	8.698530E-06
1.445133E+00	1.519650E+02	1.231686E+02	2.398804E-01	1.436950E-07	8.689347E-06
1.466077E+00	1.533794E+02	1.223354E+02	2.089526E-01	1.444968E-07	8.708514E-06
1.487021E+00	1.633819E+02	1.240293E+02	2.224639E-01	1.467346E-07	8.749599E-06
1.507964E+00	1.497078E+02	1.229003E+02	2.389107E-01	1.486194E-07	8.723685E-06
1.528908E+00	1.564168E+02	1.212074E+02	2.595029E-01	1.486931E-07	8.665495E-06
1.549852E+00	1.599244E+02	1.226858E+02	2.294834E-01	1.513731E-07	8.719215E-06
1.570796E+00	1.541818E+02	1.216096E+02	2.193966E-01	1.519180E-07	8.707028E-06
1.591740E+00	1.581656E+02	1.186205E+02	2.264645E-01	1.515109E-07	8.691630E-06
1.612684E+00	1.510649E+02	1.196897E+02	2.442470E-01	1.528581E-07	8.714213E-06
1.633628E+00	1.564217E+02	1.204280E+02	2.319027E-01	1.562709E-07	8.738160E-06
1.654572E+00	1.584793E+02	1.191115E+02	2.860450E-01	1.549581E-07	8.839802E-06
1.675516E+00	1.610531E+02	1.207638E+02	2.375912E-01	1.585988E-07	8.777893E-06
1.696460E+00	1.560007E+02	1.191512E+02	2.220366E-01	1.595950E-07	8.734690E-06
1.717404E+00	1.592617E+02	1.187247E+02	2.402248E-01	1.608523E-07	8.740084E-06
1.738348E+00	1.569398E+02	1.175366E+02	2.681390E-01	1.621202E-07	8.722363E-06
1.759292E+00	1.646127E+02	1.180142E+02	3.094124E-01	1.626334E-07	8.846752E-06
1.780236E+00	1.558263E+02	1.157074E+02	2.033044E-01	1.638554E-07	8.674831E-06
1.801180E+00	1.614336E+02	1.168407E+02	2.262830E-01	1.659564E-07	8.751870E-06
1.822124E+00	1.525732E+02	1.166773E+02	2.158114E-01	1.671196E-07	8.789833E-06
1.843068E+00	1.617523E+02	1.153457E+02	2.286488E-01	1.680281E-07	8.753167E-06
1.864012E+00	1.588335E+02	1.149688E+02	2.429164E-01	1.681994E-07	8.861501E-06
1.884956E+00	1.595586E+02	1.144345E+02	2.316598E-01	1.703357E-07	8.807009E-06
1.905900E+00	1.529636E+02	1.133762E+02	2.514882E-01	1.723070E-07	8.764128E-06
1.926843E+00	1.506399E+02	1.132375E+02	2.125205E-01	1.724485E-07	8.861715E-06
1.947787E+00	1.550621E+02	1.132996E+02	2.256337E-01	1.739201E-07	8.837628E-06
1.968731E+00	1.546020E+02	1.127053E+02	2.197757E-01	1.751707E-07	8.810799E-06
1.989675E+00	1.551186E+02	1.146483E+02	2.061567E-01	1.784972E-07	8.947101E-06
2.010619E+00	1.552668E+02	1.128896E+02	2.051057E-01	1.781606E-07	8.883601E-06
2.031563E+00	1.509505E+02	1.113046E+02	2.112238E-01	1.799217E-07	8.790003E-06
2.052507E+00	1.537445E+02	1.119235E+02	2.120887E-01	1.812297E-07	8.846643E-06
2.073451E+00	1.506187E+02	1.109935E+02	2.273046E-01	1.825388E-07	8.873118E-06
2.094395E+00	1.561222E+02	1.115685E+02	2.179450E-01	1.845788E-07	8.918105E-06
2.115339E+00	1.576985E+02	1.110514E+02	2.271776E-01	1.861451E-07	8.920750E-06
2.136283E+00	1.583464E+02	1.108451E+02	2.388074E-01	1.873278E-07	8.972070E-06
2.157227E+00	1.537161E+02	1.085646E+02	1.945100E-01	1.863517E-07	8.936618E-06
2.178171E+00	1.579489E+02	1.100525E+02	2.183273E-01	1.908832E-07	8.998998E-06
2.199115E+00	1.557075E+02	1.093323E+02	1.883752E-01	1.912356E-07	9.000482E-06
2.220059E+00	1.589015E+02	1.085728E+02	2.092560E-01	1.944073E-07	8.922076E-06
2.241003E+00	1.495932E+02	1.066794E+02	1.946058E-01	1.938087E-07	8.830579E-06
2.261947E+00	1.563741E+02	1.079762E+02	2.007826E-01	1.962962E-07	8.958074E-06
2.282891E+00	1.537405E+02	1.073091E+02	2.283727E-01	1.980137E-07	8.906099E-06
2.303835E+00	1.571155E+02	1.091139E+02	2.193508E-01	2.006311E-07	9.047360E-06
2.324779E+00	1.588262E+02	1.082123E+02	2.187797E-01	2.028721E-07	8.979462E-06
2.345723E+00	1.612417E+02	1.087754E+02	2.253755E-01	2.043315E-07	9.072602E-06
2.366666E+00	1.621121E+02	1.074357E+02	2.150244E-01	2.039749E-07	9.113123E-06
2.387610E+00	1.548601E+02	1.066583E+02	1.965220E-01	2.066860E-07	9.007900E-06
2.408554E+00	1.599114E+02	1.059950E+02	2.211018E-01	2.084932E-07	8.968553E-06
2.429498E+00	1.685776E+02	1.074789E+02	2.045231E-01	2.110851E-07	9.145670E-06
2.450442E+00	1.656558E+02	1.062227E+02	2.089672E-01	2.136971E-07	9.028434E-06
2.471386E+00	1.595690E+02	1.049684E+02	2.035662E-01	2.130465E-07	9.013454E-06
2.492330E+00	1.684043E+02	1.064492E+02	2.086203E-01	2.181228E-07	9.096308E-06
2.513274E+00	1.669164E+02	1.055891E+02	2.236751E-01	2.182903E-07	9.115812E-06
2.534218E+00	1.746215E+02	1.059162E+02	2.232004E-01	2.209738E-07	9.130899E-06
2.555162E+00	1.702930E+02	1.052519E+02	2.099370E-01	2.227740E-07	9.116429E-06
2.576106E+00	1.701727E+02	1.058944E+02	2.237627E-01	2.245585E-07	9.170420E-06
2.597050E+00	1.759509E+02	1.070475E+02	2.267956E-01	2.280625E-07	9.241983E-06
2.617994E+00	1.786819E+02	1.054923E+02	2.227341E-01	2.296673E-07	9.138406E-06
2.638938E+00	1.784584E+02	1.076888E+02	2.335097E-01	2.343579E-07	9.223791E-06
2.659882E+00	1.825785E+02	1.063501E+02	2.307683E-01	2.343049E-07	9.250675E-06
