4.188790E-02	3.490209E-01	1.276901E+00	0.000000E+00	2.600721E-09	7.800396E-06
6.283185E-02	-5.200416E-01	1.456772E+00	1.809302E-02	5.205311E-09	7.535863E-06
8.377580E-02	2.638474E-01	1.856787E+00	2.090199E-03	7.127634E-09	8.520299E-06
1.047198E-01	-4.694801E-01	2.232532E+00	3.017596E-02	1.074267E-08	8.410050E-06
1.256637E-01	2.161685E-01	3.037583E+00	1.667821E-02	1.517434E-08	8.012024E-06
1.466077E-01	6.837312E-01	3.247030E+00	6.281469E-02	1.720310E-08	8.603123E-06
1.675516E-01	-2.338799E-01	3.615731E+00	4.627613E-02	1.951454E-08	9.041292E-06
1.884956E-01	1.211401E-01	4.175299E+00	5.441424E-02	2.171772E-08	9.354018E-06
2.094395E-01	2.150396E-02	4.051525E+00	7.810017E-02	2.575374E-08	8.414438E-06
2.303835E-01	-7.181414E-01	4.484870E+00	5.906937E-02	2.598336E-08	8.886656E-06
2.513274E-01	3.620404E-01	4.519506E+00	6.778165E-02	2.828139E-08	8.550759E-06
2.722714E-01	1.845859E-01	4.922823E+00	6.644868E-02	3.098576E-08	8.908567E-06
2.932153E-01	1.285985E-01	5.229058E+00	6.736607E-02	3.440474E-08	9.022947E-06
3.141593E-01	4.850154E-01	5.329857E+00	4.700392E-02	3.653733E-08	8.512821E-06
3.351032E-01	-2.894199E-01	5.455805E+00	3.038520E-02	4.125111E-08	8.960469E-06
3.560472E-01	-7.060846E-01	5.754531E+00	6.224809E-02	4.149558E-08	8.741542E-06
3.769911E-01	4.965798E-01	6.238657E+00	4.047640E-02	4.498758E-08	8.778513E-06
3.979351E-01	-9.085732E-02	5.768470E+00	3.461173E-02	4.725102E-08	8.389120E-06
4.188790E-01	5.369586E-01	5.986663E+00	6.805737E-02	4.773915E-08	8.766430E-06
4.398230E-01	-1.821398E-01	6.067116E+00	6.732899E-02	5.136541E-08	8.569799E-06
4.607669E-01	4.666948E-01	6.613515E+00	2.570355E-02	5.427198E-08	8.736839E-06
4.817109E-01	3.477614E-02	6.313638E+00	6.667341E-02	5.802403E-08	8.752126E-06
5.026548E-01	1.456680E+00	6.462864E+00	3.326935E-02	5.913064E-08	8.675560E-06
5.235988E-01	2.957213E-01	6.578318E+00	6.175586E-02	6.378062E-08	8.992688E-06
5.445427E-01	3.428088E-01	6.658225E+00	7.408159E-02	6.406751E-08	8.664798E-06
5.654867E-01	9.981807E-01	6.457912E+00	6.800167E-02	6.777194E-08	8.815160E-06
5.864306E-01	2.776821E-01	6.445571E+00	6.684323E-02	7.081549E-08	8.653545E-06
6.073746E-01	4.609887E-01	6.225627E+00	8.796969E-02	7.248806E-08	8.811126E-06
6.283185E-01	1.411620E+00	6.388966E+00	1.000503E-01	7.691508E-08	8.856756E-06
6.492625E-01	1.514767E-01	6.407713E+00	5.103557E-02	7.807338E-08	8.697278E-06
6.702064E-01	1.336930E+00	6.416956E+00	3.763357E-02	8.187589E-08	8.793421E-06
6.911504E-01	1.115453E+00	6.308583E+00	5.501755E-02	8.336489E-08	8.819740E-06
7.120943E-01	1.329814E+00	6.283781E+00	6.423374E-02	8.779354E-08	8.853204E-06
7.330383E-01	1.570401E+00	6.290099E+00	4.946910E-02	9.237757E-08	8.851014E-06
7.539822E-01	1.392729E+00	6.358820E+00	5.178180E-02	9.358079E-08	8.729007E-06
7.749262E-01	1.226008E+00	6.238393E+00	3.700827E-02	9.546597E-08	9.012598E-06
7.958701E-01	1.279404E+00	6.020252E+00	6.280806E-02	9.916265E-08	8.978413E-06
8.168141E-01	1.265312E+00	6.039804E+00	6.041491E-02	1.021573E-07	8.784265E-06
8.377580E-01	1.402046E+00	6.080798E+00	6.775294E-02	1.052259E-07	8.824164E-06
8.587020E-01	1.681612E+00	6.020337E+00	8.462249E-02	1.088519E-07	8.933826E-06
8.796459E-01	1.093730E+00	5.676445E+00	8.681783E-02	1.107601E-07	9.037235E-06
9.005899E-01	1.180414E+00	5.771399E+00	6.291237E-02	1.155762E-07	8.837040E-06
9.215338E-01	1.465804E+00	5.703130E+00	4.768034E-02	1.171293E-07	8.915639E-06
9.424778E-01	1.691255E+00	5.645599E+00	6.475930E-02	1.182402E-07	8.952988E-06
9.634217E-01	1.576414E+00	5.466524E+00	8.907327E-02	1.211092E-07	8.964834E-06
9.843657E-01	1.896398E+00	5.418540E+00	5.583368E-02	1.243452E-07	8.986029E-06
1.005310E+00	1.583059E+00	5.286033E+00	4.089240E-02	1.275739E-07	8.983214E-06
1.026254E+00	1.319032E+00	5.051300E+00	7.584307E-02	1.292681E-07	9.060790E-06
1.047198E+00	1.529251E+00	4.845615E+00	5.253026E-02	1.348561E-07	8.972980E-06
1.068142E+00	2.186720E+00	5.011140E+00	7.525119E-02	1.355608E-07	9.156993E-06
1.089085E+00	1.887997E+00	5.033066E+00	5.062693E-02	1.382266E-07	9.026832E-06
1.110029E+00	1.733698E+00	4.787403E+00	6.970680E-02	1.389077E-07	9.054439E-06
1.130973E+00	1.787220E+00	4.706205E+00	7.402205E-02	1.421270E-07	9.108785E-06
1.151917E+00	2.010752E+00	4.660167E+00	4.273473E-02	1.427758E-07	9.212699E-06
1.172861E+00	2.100892E+00	4.581913E+00	7.691766E-02	1.478052E-07	9.241476E-06
1.193805E+00	1.665086E+00	4.597138E+00	5.381732E-02	1.490865E-07	9.207540E-06
1.214749E+00	2.025790E+00	4.518813E+00	5.072722E-02	1.516911E-07	9.202570E-06
1.235693E+00	2.051282E+00	4.333369E+00	5.956888E-02	1.550374E-07	9.179113E-06
1.256637E+00	2.107858E+00	4.407999E+00	6.868373E-02	1.553930E-07	9.193320E-06
1.277581E+00	2.236597E+00	4.292833E+00	6.018553E-02	1.552739E-07	9.324983E-06
1.298525E+00	2.080006E+00	4.214275E+00	5.002545E-02	1.587271E-07	9.186284E-06
1.319469E+00	2.054562E+00	4.053148E+00	5.578269E-02	1.612233E-07	9.219009E-06
1.340413E+00	2.112408E+00	4.009459E+00	5.860772E-02	1.636299E-07	9.246647E-06
1.361357E+00	2.346936E+00	4.053118E+00	5.249126E-02	1.664021E-07	9.318935E-06
1.382301E+00	2.318087E+00	3.898961E+00	6.786063E-02	1.668040E-07	9.321504E-06
1.403245E+00	2.139936E+00	3.808566E+00	7.175962E-02	1.686991E-07	9.320835E-06
1.424189E+00	2.068523E+00	3.719316E+00	6.045524E-02	1.716698E-07	9.346250E-06
1.445133E+00	2.275612E+00	3.818261E+00	7.592727E-02	1.725251E-07	9.438411E-06
1.466077E+00	2.144915E+00	3.674513E+00	6.868534E-02	1.731204E-07	9.362902E-06
1.487021E+00	2.253075E+00	3.663900E+00	6.293332E-02	1.768113E-07	9.406939E-06
1.507964E+00	2.391148E+00	3.618002E+00	6.064629E-02	1.779228E-07	9.372729E-06
1.528908E+00	2.331726E+00	3.565531E+00	7.583048E-02	1.787671E-07	9.341285E-06
1.549852E+00	2.422276E+00	3.530540E+00	7.841619E-02	1.799966E-07	9.348506E-06
1.570796E+00	2.287678E+00	3.467855E+00	6.808748E-02	1.811728E-07	9.391515E-06
1.591740E+00	2.289294E+00	3.400460E+00	1.055828E-01	1.827625E-07	9.304652E-06
1.612684E+00	2.194085E+00	3.340917E+00	5.168612E-02	1.837016E-07	9.322166E-06
1.633628E+00	2.321784E+00	3.330441E+00	6.108305E-02	1.861864E-07	9.315075E-06
1.654572E+00	2.191805E+00	3.221632E+00	7.958249E-02	1.863224E-07	9.401696E-06
1.675516E+00	2.428323E+00	3.243577E+00	7.314165E-02	1.902915E-07	9.331011E-06
1.696460E+00	2.125216E+00	3.188535E+00	7.453990E-02	1.909073E-07	9.411184E-06
1.717404E+00	2.327880E+00	3.119185E+00	6.717579E-02	1.922635E-07	9.362082E-06
1.738348E+00	2.383213E+00	3.100798E+00	5.701687E-02	1.940924E-07	9.526514E-06
1.759292E+00	2.155705E+00	3.064556E+00	7.905470E-02	1.947885E-07	9.516582E-06
1.780236E+00	2.491604E+00	3.046611E+00	6.964916E-02	1.956514E-07	9.406978E-06
1.801180E+00	2.343406E+00	3.049104E+00	6.509374E-02	1.975543E-07	9.343900E-06
1.822124E+00	2.254702E+00	2.929847E+00	7.174559E-02	1.988357E-07	9.467010E-06
1.843068E+00	2.329459E+00	2.952613E+00	6.486363E-02	1.994485E-07	9.412283E-06
1.864012E+00	2.269275E+00	2.846298E+00	6.963291E-02	1.997444E-07	9.406637E-06
1.884956E+00	2.472457E+00	2.880398E+00	6.587764E-02	2.018821E-07	9.426269E-06
1.905900E+00	2.438568E+00	2.833174E+00	9.627793E-02	2.039536E-07	9.529046E-06
1.926843E+00	2.372252E+00	2.817394E+00	7.189271E-02	2.046605E-07	9.431790E-06
1.947787E+00	2.424960E+00	2.797684E+00	5.464448E-02	2.055675E-07	9.556528E-06
1.968731E+00	2.371075E+00	2.780042E+00	6.220397E-02	2.063560E-07	9.528983E-06
1.989675E+00	2.493732E+00	2.702043E+00	4.942463E-02	2.091554E-07	9.523290E-06
2.010619E+00	2.475650E+00	2.702363E+00	8.097292E-02	2.099110E-07	9.528588E-06
2.031563E+00	2.683219E+00	2.694810E+00	6.059837E-02	2.117202E-07	9.470628E-06
2.052507E+00	2.451195E+00	2.662117E+00	8.580048E-02	2.152586E-07	9.570638E-06
2.073451E+00	2.637714E+00	2.634748E+00	6.102336E-02	2.147742E-07	9.614686E-06
2.094395E+00	2.597209E+00	2.631666E+00	5.717907E-02	2.187489E-07	9.569274E-06
2.115339E+00	2.717830E+00	2.603063E+00	6.061257E-02	2.186862E-07	9.522101E-06
2.136283E+00	2.702833E+00	2.612097E+00	5.615227E-02	2.199008E-07	9.682064E-06
2.157227E+00	2.716028E+00	2.578677E+00	4.889658E-02	2.213605E-07	9.735975E-06
2.178171E+00	2.694566E+00	2.576477E+00	6.402061E-02	2.241751E-07	9.582766E-06
2.199115E+00	2.814286E+00	2.548702E+00	5.773470E-02	2.238712E-07	9.609931E-06
2.220059E+00	2.733994E+00	2.515978E+00	6.740934E-02	2.278896E-07	9.550077E-06
2.241003E+00	2.892283E+00	2.512113E+00	8.143810E-02	2.282698E-07	9.589111E-06
2.261947E+00	2.977144E+00	2.518109E+00	8.194980E-02	2.298430E-07	9.704654E-06
2.282891E+00	3.074528E+00	2.504636E+00	5.935222E-02	2.320540E-07	9.671040E-06
2.303835E+00	3.086170E+00	2.511679E+00	6.956240E-02	2.338686E-07	9.651793E-06
2.324779E+00	3.194471E+00	2.487015E+00	8.138708E-02	2.376655E-07	9.733763E-06
2.345723E+00	3.278064E+00	2.485054E+00	7.713874E-02	2.384918E-07	9.720047E-06
2.366666E+00	3.290939E+00	2.492288E+00	7.887971E-02	2.384380E-07	9.758187E-06
2.387610E+00	3.423630E+00	2.462646E+00	5.806339E-02	2.432319E-07	9.758381E-06
2.408554E+00	3.433739E+00	2.482400E+00	7.456824E-02	2.436997E-07	9.697296E-06
2.429498E+00	3.622697E+00	2.471468E+00	8.172117E-02	2.466910E-07	9.816421E-06
2.450442E+00	3.593591E+00	2.459379E+00	7.748386E-02	2.498235E-07	9.818450E-06
2.471386E+00	3.656337E+00	2.464474E+00	8.249914E-02	2.513470E-07	9.820802E-06
2.492330E+00	3.855128E+00	2.494050E+00	8.973498E-02	2.541208E-07	9.837820E-06
2.513274E+00	3.785421E+00	2.486499E+00	8.192066E-02	2.554341E-07	9.821128E-06
2.534218E+00	3.962628E+00	2.487816E+00	8.260412E-02	2.576532E-07	9.823978E-06
2.555162E+00	4.257084E+00	2.495851E+00	9.671177E-02	2.601393E-07	9.904010E-06
2.576106E+00	4.188408E+00	2.511996E+00	8.178285E-02	2.624693E-07	9.860923E-06
2.597050E+00	4.373888E+00	2.507574E+00	1.011521E-01	2.671574E-07	9.866295E-06
2.617994E+00	4.551837E+00	2.525651E+00	1.111929E-01	2.683618E-07	9.982854E-06
2.638938E+00	4.724206E+00	2.542044E+00	1.148130E-01	2.710361E-07	9.983453E-06
2.659882E+00	4.741521E+00	2.547617E+00	1.157558E-01	2.749387E-07	9.958819E-06
