4.188790E-02	1.743800E+00	4.300171E+00	0.000000E+00	2.287515E-09	8.704815E-06
6.283185E-02	-2.418960E+00	8.178196E+00	1.472991E-02	4.578059E-09	8.392676E-06
8.377580E-02	4.472559E-01	1.267174E+01	1.193209E-02	6.270984E-09	9.469077E-06
1.047198E-01	-1.320602E+00	1.786311E+01	8.282876E-03	9.491780E-09	9.351389E-06
1.256637E-01	2.442385E+00	2.183381E+01	2.822939E-02	1.337526E-08	8.899362E-06
1.466077E-01	1.806031E+00	2.586599E+01	6.690212E-02	1.520765E-08	9.617211E-06
1.675516E-01	9.145506E-01	3.030493E+01	1.895345E-02	1.729403E-08	1.009056E-05
1.884956E-01	-4.154281E+00	3.167932E+01	4.903677E-02	1.920549E-08	1.038041E-05
2.094395E-01	7.773504E+00	3.590463E+01	6.654396E-02	2.284592E-08	9.374661E-06
2.303835E-01	5.844468E+00	3.619760E+01	1.761470E-02	2.340847E-08	9.863559E-06
2.513274E-01	3.493850E+00	3.790416E+01	1.726064E-01	2.547280E-08	9.406982E-06
2.722714E-01	5.156236E+00	4.202204E+01	1.029043E-01	2.774106E-08	9.753225E-06
2.932153E-01	9.108758E+00	4.655636E+01	4.421145E-02	3.145233E-08	9.943215E-06
3.141593E-01	2.881849E+00	4.404897E+01	8.827953E-02	3.361811E-08	9.533131E-06
3.351032E-01	1.897987E+01	5.658981E+01	4.379299E-02	3.796315E-08	9.900129E-06
3.560472E-01	1.272133E+01	5.117852E+01	8.472982E-02	3.817765E-08	9.840329E-06
3.769911E-01	1.403493E+01	5.537451E+01	2.149025E-02	4.154517E-08	9.833179E-06
3.979351E-01	9.908528E+00	5.486730E+01	3.818973E-02	4.409893E-08	9.446715E-06
4.188790E-01	1.485722E+01	5.711079E+01	4.798358E-02	4.543703E-08	9.961132E-06
4.398230E-01	2.030016E+01	5.837228E+01	4.628503E-02	4.871872E-08	9.541436E-06
4.607669E-01	1.125840E+01	6.128914E+01	4.489342E-02	5.138105E-08	9.751220E-06
4.817109E-01	1.534209E+01	6.358731E+01	4.135412E-02	5.567925E-08	9.788198E-06
5.026548E-01	2.768758E+01	6.708742E+01	5.779395E-02	5.716081E-08	9.642354E-06
5.235988E-01	3.060043E+01	7.369268E+01	4.512557E-02	6.104806E-08	1.025680E-05
5.445427E-01	2.606415E+01	7.033401E+01	5.084851E-02	6.243380E-08	9.807161E-06
5.654867E-01	2.748899E+01	7.187481E+01	4.377455E-02	6.615523E-08	9.858444E-06
5.864306E-01	3.320830E+01	7.609769E+01	6.406296E-02	6.869144E-08	9.859826E-06
6.073746E-01	3.336640E+01	7.609050E+01	9.734505E-02	7.218291E-08	9.731844E-06
6.283185E-01	4.013425E+01	8.000407E+01	9.918800E-02	7.484953E-08	9.845274E-06
6.492625E-01	3.835189E+01	7.975024E+01	8.616192E-02	7.699659E-08	9.750641E-06
6.702064E-01	4.057534E+01	8.168375E+01	5.892524E-02	7.953777E-08	9.897073E-06
6.911504E-01	5.995627E+01	8.792082E+01	1.159597E-01	8.393577E-08	1.007550E-05
7.120943E-01	5.571140E+01	8.458391E+01	8.089859E-02	8.539491E-08	9.836742E-06
7.330383E-01	6.294761E+01	9.013029E+01	9.438140E-02	9.053383E-08	9.996385E-06
7.539822E-01	5.545944E+01	8.896911E+01	7.000457E-02	9.251415E-08	9.905821E-06
7.749262E-01	6.440918E+01	9.024435E+01	1.068459E-01	9.429643E-08	1.008869E-05
7.958701E-01	6.642234E+01	9.176751E+01	1.082521E-01	9.768969E-08	1.007376E-05
8.168141E-01	6.792589E+01	9.198943E+01	9.936685E-02	1.003503E-07	9.862588E-06
8.377580E-01	6.884804E+01	9.181015E+01	1.324499E-01	1.032658E-07	9.939896E-06
8.587020E-01	7.459347E+01	9.269259E+01	1.060749E-01	1.065771E-07	9.931752E-06
8.796459E-01	7.372193E+01	9.737128E+01	1.248230E-01	1.086326E-07	1.019658E-05
9.005899E-01	7.688769E+01	9.647738E+01	1.012676E-01	1.130760E-07	9.947478E-06
9.215338E-01	8.460220E+01	9.651916E+01	1.241436E-01	1.141586E-07	1.018563E-05
9.424778E-01	8.233992E+01	9.562425E+01	8.832420E-02	1.156706E-07	1.007757E-05
9.634217E-01	8.862316E+01	9.709819E+01	1.068654E-01	1.184969E-07	1.012407E-05
9.843657E-01	8.452901E+01	9.775323E+01	1.215004E-01	1.217273E-07	1.014067E-05
1.005310E+00	8.471177E+01	9.909222E+01	1.513405E-01	1.249217E-07	1.019234E-05
1.026254E+00	9.601923E+01	9.828758E+01	1.370260E-01	1.278858E-07	1.017160E-05
1.047198E+00	8.656336E+01	1.003174E+02	1.082127E-01	1.304705E-07	1.016773E-05
1.068142E+00	9.741854E+01	1.012008E+02	1.537023E-01	1.315461E-07	1.032130E-05
1.089085E+00	9.422058E+01	9.919305E+01	1.205501E-01	1.341376E-07	1.022216E-05
1.110029E+00	9.419931E+01	9.754694E+01	1.325444E-01	1.348281E-07	1.014108E-05
1.130973E+00	1.015744E+02	9.998171E+01	1.466900E-01	1.383801E-07	1.030003E-05
1.151917E+00	1.058481E+02	9.976363E+01	1.482944E-01	1.411779E-07	1.027154E-05
1.172861E+00	1.041135E+02	1.019516E+02	1.412471E-01	1.441403E-07	1.036142E-05
1.193805E+00	1.022950E+02	9.948547E+01	1.468553E-01	1.448258E-07	1.027715E-05
1.214749E+00	1.040520E+02	1.001606E+02	1.139005E-01	1.480661E-07	1.034466E-05
1.235693E+00	9.693152E+01	9.855591E+01	1.301581E-01	1.514556E-07	1.025704E-05
1.256637E+00	1.009112E+02	9.801174E+01	1.519275E-01	1.504436E-07	1.027024E-05
1.277581E+00	9.469798E+01	9.746562E+01	1.278321E-01	1.511929E-07	1.035653E-05
1.298525E+00	1.088569E+02	9.626207E+01	1.610673E-01	1.537961E-07	1.032773E-05
1.319469E+00	1.025787E+02	9.911882E+01	1.131285E-01	1.572980E-07	1.048082E-05
1.340413E+00	1.051203E+02	9.683461E+01	1.445335E-01	1.589535E-07	1.038040E-05
1.361357E+00	1.089524E+02	9.729153E+01	1.433714E-01	1.618702E-07	1.044828E-05
1.382301E+00	1.095717E+02	9.613630E+01	1.349408E-01	1.621906E-07	1.043632E-05
1.403245E+00	1.066759E+02	9.657171E+01	1.399747E-01	1.639486E-07	1.041158E-05
1.424189E+00	1.045942E+02	9.415202E+01	1.134507E-01	1.649716E-07	1.041895E-05
1.445133E+00	1.035654E+02	9.364182E+01	1.404297E-01	1.681456E-07	1.039445E-05
1.466077E+00	1.056753E+02	9.233066E+01	1.264709E-01	1.692044E-07	1.042901E-05
1.487021E+00	1.108939E+02	9.299171E+01	1.218828E-01	1.708779E-07	1.050177E-05
1.507964E+00	1.019677E+02	9.184316E+01	1.423684E-01	1.737040E-07	1.042413E-05
1.528908E+00	1.049656E+02	9.150576E+01	1.357572E-01	1.736553E-07	1.036820E-05
1.549852E+00	1.053979E+02	9.140720E+01	1.263855E-01	1.770675E-07	1.042425E-05
1.570796E+00	1.028893E+02	8.998475E+01	1.269373E-01	1.779119E-07	1.043089E-05
1.591740E+00	1.038300E+02	8.774599E+01	9.944742E-02	1.781930E-07	1.039719E-05
1.612684E+00	9.844302E+01	8.804003E+01	1.304460E-01	1.793230E-07	1.044754E-05
1.633628E+00	1.019239E+02	8.786537E+01	1.112107E-01	1.831636E-07	1.043098E-05
1.654572E+00	1.057447E+02	8.651333E+01	1.445093E-01	1.816527E-07	1.054967E-05
1.675516E+00	1.038969E+02	8.730788E+01	1.240370E-01	1.860904E-07	1.049980E-05
1.696460E+00	1.008753E+02	8.536986E+01	1.176820E-01	1.865906E-07	1.047292E-05
1.717404E+00	1.037720E+02	8.464635E+01	1.222351E-01	1.891379E-07	1.041319E-05
1.738348E+00	1.014406E+02	8.319880E+01	1.514487E-01	1.895625E-07	1.043014E-05
1.759292E+00	1.074519E+02	8.379822E+01	1.443853E-01	1.907243E-07	1.059333E-05
1.780236E+00	9.908376E+01	8.173391E+01	8.828538E-02	1.918007E-07	1.034517E-05
1.801180E+00	1.009342E+02	8.267991E+01	9.713204E-02	1.945434E-07	1.045689E-05
1.822124E+00	9.778277E+01	8.083354E+01	8.928263E-02	1.958695E-07	1.050783E-05
1.843068E+00	1.040561E+02	8.032068E+01	1.099657E-01	1.967634E-07	1.046059E-05
1.864012E+00	1.022977E+02	7.848569E+01	1.326528E-01	1.965518E-07	1.056331E-05
1.884956E+00	1.032419E+02	7.882257E+01	9.360144E-02	1.998221E-07	1.054760E-05
1.905900E+00	9.742448E+01	7.756686E+01	1.111139E-01	2.013069E-07	1.051483E-05
1.926843E+00	9.607278E+01	7.704027E+01	8.711804E-02	2.017087E-07	1.059812E-05
1.947787E+00	9.654152E+01	7.668391E+01	8.493096E-02	2.039266E-07	1.053453E-05
1.968731E+00	1.003870E+02	7.601339E+01	8.961680E-02	2.056440E-07	1.056283E-05
1.989675E+00	9.819670E+01	7.574746E+01	8.066378E-02	2.083067E-07	1.064049E-05
2.010619E+00	9.431951E+01	7.472708E+01	6.840686E-02	2.090280E-07	1.055518E-05
2.031563E+00	9.597002E+01	7.414087E+01	8.026103E-02	2.108640E-07	1.050407E-05
2.052507E+00	9.431118E+01	7.360417E+01	8.188921E-02	2.121444E-07	1.052264E-05
2.073451E+00	9.567348E+01	7.298526E+01	8.249785E-02	2.138840E-07	1.059043E-05
2.094395E+00	9.937318E+01	7.319635E+01	6.977104E-02	2.176488E-07	1.065300E-05
2.115339E+00	1.006608E+02	7.164355E+01	8.869446E-02	2.179532E-07	1.065280E-05
2.136283E+00	1.002937E+02	7.152797E+01	7.920465E-02	2.193552E-07	1.072155E-05
2.157227E+00	9.914428E+01	7.062600E+01	7.672862E-02	2.197414E-07	1.066045E-05
2.178171E+00	1.015638E+02	7.028172E+01	7.797508E-02	2.239721E-07	1.071485E-05
2.199115E+00	9.842883E+01	6.981765E+01	7.408771E-02	2.241762E-07	1.074027E-05
2.220059E+00	1.003548E+02	6.873927E+01	6.012574E-02	2.273146E-07	1.069705E-05
2.241003E+00	9.627486E+01	6.757717E+01	6.639389E-02	2.273837E-07	1.053377E-05
2.261947E+00	9.962207E+01	6.834016E+01	6.935550E-02	2.305131E-07	1.071530E-05
2.282891E+00	1.009451E+02	6.771158E+01	8.818955E-02	2.329874E-07	1.064782E-05
2.303835E+00	1.027955E+02	6.788881E+01	7.874650E-02	2.357252E-07	1.081558E-05
2.324779E+00	1.049352E+02	6.758530E+01	7.442331E-02	2.380600E-07	1.070662E-05
2.345723E+00	1.071179E+02	6.696131E+01	9.643995E-02	2.395602E-07	1.083297E-05
2.366666E+00	1.046807E+02	6.623763E+01	8.131125E-02	2.388266E-07	1.084922E-05
2.387610E+00	1.029429E+02	6.570878E+01	8.816068E-02	2.429347E-07	1.074350E-05
2.408554E+00	1.067850E+02	6.522961E+01	6.964480E-02	2.446799E-07	1.073905E-05
2.429498E+00	1.124052E+02	6.567367E+01	7.775220E-02	2.473669E-07	1.096589E-05
2.450442E+00	1.117542E+02	6.503317E+01	7.639912E-02	2.514529E-07	1.070837E-05
2.471386E+00	1.091806E+02	6.431796E+01	8.251967E-02	2.500390E-07	1.084664E-05
2.492330E+00	1.152305E+02	6.479449E+01	8.854676E-02	2.569128E-07	1.085652E-05
2.513274E+00	1.132430E+02	6.398787E+01	7.284460E-02	2.566646E-07	1.082905E-05
2.534218E+00	1.179898E+02	6.422755E+01	9.552379E-02	2.601325E-07	1.089187E-05
2.555162E+00	1.201729E+02	6.399982E+01	8.191478E-02	2.625557E-07	1.089402E-05
2.576106E+00	1.209667E+02	6.455519E+01	1.017416E-01	2.653141E-07	1.096850E-05
2.597050E+00	1.254389E+02	6.385207E+01	8.812238E-02	2.675365E-07	1.097752E-05
2.617994E+00	1.250484E+02	6.374343E+01	9.836094E-02	2.709635E-07	1.093735E-05
2.638938E+00	1.279114E+02	6.450481E+01	1.308968E-01	2.746461E-07	1.096843E-05
2.659882E+00	1.295808E+02	6.382159E+01	1.361572E-01	2.758020E-07	1.101172E-05
