4.188790E-02	1.084263E+02	2.902584E+02	0.000000E+00	6.717869E-06	1.108309E-02
6.283185E-02	-1.115466E+02	2.967947E+02	1.490642E-02	1.339498E-05	1.076302E-02
8.377580E-02	-1.438765E+01	3.494410E+02	6.613070E-03	1.838508E-05	1.212068E-02
1.047198E-01	-5.995133E+01	3.941959E+02	1.077923E-02	2.770139E-05	1.196515E-02
1.256637E-01	5.850923E-01	4.110266E+02	2.272717E-02	3.906466E-05	1.145630E-02
1.466077E-01	1.440716E+01	4.285490E+02	3.275920E-02	4.414287E-05	1.230113E-02
1.675516E-01	5.018219E+00	4.602222E+02	1.793448E-02	5.024051E-05	1.284064E-02
1.884956E-01	-4.076221E+01	4.341789E+02	5.425234E-02	5.577633E-05	1.329285E-02
2.094395E-01	1.154544E+02	4.568163E+02	6.783816E-02	6.607033E-05	1.193651E-02
2.303835E-01	6.595080E+01	4.338000E+02	3.429027E-02	6.617143E-05	1.268049E-02
2.513274E-01	5.121276E+01	4.262485E+02	1.556561E-01	7.145995E-05	1.229309E-02
2.722714E-01	9.458818E+01	4.616077E+02	1.147423E-01	7.863477E-05	1.260143E-02
2.932153E-01	9.244655E+01	4.969619E+02	4.328131E-02	8.539782E-05	1.300732E-02
3.141593E-01	2.750382E+01	4.243592E+02	7.169873E-02	9.045590E-05	1.219103E-02
3.351032E-01	1.681946E+02	5.246278E+02	4.503373E-02	1.022423E-04	1.265499E-02
3.560472E-01	1.070695E+02	4.680139E+02	8.231763E-02	1.017558E-04	1.247507E-02
3.769911E-01	1.284147E+02	4.732598E+02	2.175046E-02	1.091280E-04	1.235608E-02
3.979351E-01	4.896902E+01	4.624098E+02	3.294696E-02	1.124324E-04	1.206370E-02
4.188790E-01	7.246496E+01	4.408496E+02	6.145703E-02	1.146184E-04	1.248205E-02
4.398230E-01	1.074102E+02	4.573886E+02	4.806681E-02	1.204025E-04	1.221089E-02
4.607669E-01	5.764597E+01	4.908282E+02	6.281734E-02	1.297911E-04	1.222431E-02
4.817109E-01	6.931007E+01	4.830257E+02	3.444644E-02	1.348595E-04	1.231250E-02
5.026548E-01	1.426915E+02	4.895839E+02	6.247887E-02	1.340642E-04	1.229062E-02
5.235988E-01	1.618660E+02	5.184119E+02	3.035340E-02	1.421328E-04	1.252985E-02
5.445427E-01	1.091938E+02	4.976718E+02	5.647660E-02	1.436819E-04	1.232113E-02
5.654867E-01	1.158156E+02	5.065915E+02	5.049194E-02	1.489863E-04	1.228539E-02
5.864306E-01	1.394387E+02	5.039825E+02	8.193195E-02	1.522368E-04	1.218693E-02
6.073746E-01	1.329418E+02	5.050704E+02	4.629273E-02	1.546773E-04	1.239104E-02
6.283185E-01	1.366190E+02	5.367449E+02	6.194321E-02	1.631373E-04	1.252084E-02
6.492625E-01	1.715073E+02	5.202022E+02	6.208761E-02	1.640351E-04	1.232049E-02
6.702064E-01	1.496972E+02	5.524353E+02	4.499458E-02	1.720364E-04	1.267446E-02
6.911504E-01	1.866552E+02	5.236442E+02	5.635334E-02	1.706222E-04	1.219771E-02
7.120943E-01	2.247233E+02	5.661237E+02	5.809843E-02	1.804658E-04	1.265763E-02
7.330383E-01	1.981313E+02	5.772143E+02	4.878972E-02	1.852287E-04	1.243696E-02
7.539822E-01	1.440754E+02	5.648379E+02	5.085522E-02	1.874959E-04	1.240366E-02
7.749262E-01	2.107828E+02	5.647618E+02	7.223032E-02	1.917924E-04	1.248539E-02
7.958701E-01	2.099886E+02	5.667648E+02	5.612726E-02	1.978159E-04	1.238164E-02
8.168141E-01	1.965555E+02	5.669430E+02	5.959334E-02	1.989518E-04	1.232301E-02
8.377580E-01	2.607904E+02	5.870069E+02	7.116956E-02	2.049393E-04	1.243529E-02
8.587020E-01	1.770847E+02	5.646074E+02	4.852527E-02	2.075066E-04	1.230695E-02
8.796459E-01	2.167063E+02	6.072655E+02	6.421708E-02	2.210945E-04	1.238679E-02
9.005899E-01	2.471999E+02	6.102477E+02	7.129068E-02	2.202790E-04	1.252482E-02
9.215338E-01	2.607542E+02	6.081873E+02	6.952589E-02	2.231309E-04	1.235133E-02
9.424778E-01	2.770523E+02	6.135030E+02	6.947825E-02	2.261050E-04	1.235071E-02
9.634217E-01	3.414945E+02	6.188628E+02	6.616813E-02	2.308771E-04	1.243485E-02
9.843657E-01	3.157721E+02	6.289542E+02	6.500922E-02	2.372647E-04	1.248156E-02
1.005310E+00	2.886511E+02	6.253209E+02	8.381452E-02	2.453432E-04	1.225494E-02
1.026254E+00	2.943777E+02	6.499543E+02	7.785931E-02	2.512002E-04	1.251596E-02
1.047198E+00	2.792653E+02	6.682020E+02	7.457093E-02	2.552730E-04	1.261726E-02
1.068142E+00	3.604532E+02	6.689942E+02	1.141682E-01	2.575251E-04	1.269414E-02
1.089085E+00	3.802017E+02	6.705372E+02	7.951520E-02	2.622926E-04	1.270119E-02
1.110029E+00	3.842116E+02	6.624238E+02	9.007820E-02	2.635060E-04	1.254930E-02
1.130973E+00	4.062873E+02	6.652646E+02	1.205958E-01	2.694717E-04	1.261880E-02
1.151917E+00	3.679513E+02	6.727607E+02	6.021709E-02	2.754801E-04	1.270327E-02
1.172861E+00	4.065652E+02	6.774295E+02	7.785710E-02	2.822435E-04	1.262350E-02
1.193805E+00	4.169189E+02	6.844362E+02	1.054978E-01	2.864155E-04	1.261271E-02
1.214749E+00	4.327346E+02	6.804931E+02	1.030178E-01	2.920086E-04	1.255078E-02
1.235693E+00	4.524713E+02	6.883978E+02	1.058713E-01	2.948409E-04	1.258806E-02
1.256637E+00	4.535327E+02	6.787665E+02	1.161182E-01	2.975466E-04	1.271491E-02
1.277581E+00	4.462325E+02	6.908881E+02	7.926235E-02	3.036865E-04	1.269500E-02
1.298525E+00	4.930725E+02	6.885900E+02	1.072365E-01	3.054391E-04	1.272872E-02
1.319469E+00	4.433091E+02	6.926185E+02	9.381194E-02	3.100702E-04	1.290598E-02
1.340413E+00	4.811883E+02	6.856304E+02	8.695234E-02	3.142573E-04	1.269151E-02
1.361357E+00	5.362669E+02	6.931664E+02	9.626129E-02	3.215367E-04	1.285479E-02
1.382301E+00	5.385827E+02	6.917756E+02	9.367018E-02	3.251609E-04	1.273616E-02
1.403245E+00	5.177329E+02	6.799685E+02	9.099101E-02	3.224164E-04	1.282438E-02
1.424189E+00	5.543877E+02	6.875858E+02	1.141862E-01	3.306215E-04	1.292643E-02
1.445133E+00	5.329268E+02	6.801346E+02	9.890351E-02	3.317879E-04	1.293232E-02
1.466077E+00	5.480083E+02	6.835448E+02	9.335703E-02	3.368797E-04	1.305375E-02
1.487021E+00	5.781449E+02	6.807444E+02	7.034102E-02	3.440426E-04	1.286901E-02
1.507964E+00	5.637295E+02	6.785406E+02	9.123964E-02	3.455433E-04	1.312017E-02
1.528908E+00	5.614082E+02	6.666976E+02	9.321686E-02	3.450829E-04	1.311467E-02
1.549852E+00	5.581955E+02	6.715683E+02	8.676124E-02	3.519878E-04	1.320229E-02
1.570796E+00	5.902863E+02	6.614949E+02	9.489652E-02	3.520158E-04	1.313407E-02
1.591740E+00	5.774329E+02	6.525284E+02	7.496344E-02	3.531343E-04	1.306993E-02
1.612684E+00	5.763957E+02	6.595646E+02	1.028372E-01	3.603001E-04	1.315513E-02
1.633628E+00	5.768811E+02	6.532005E+02	8.284124E-02	3.631225E-04	1.314050E-02
1.654572E+00	5.688376E+02	6.423804E+02	7.862893E-02	3.664577E-04	1.307993E-02
1.675516E+00	6.070380E+02	6.402141E+02	9.671510E-02	3.680551E-04	1.318795E-02
1.696460E+00	6.059718E+02	6.392748E+02	7.431337E-02	3.718415E-04	1.322984E-02
1.717404E+00	6.139605E+02	6.386684E+02	8.856102E-02	3.735700E-04	1.331186E-02
1.738348E+00	5.729955E+02	6.315091E+02	7.863031E-02	3.763899E-04	1.326329E-02
1.759292E+00	6.326987E+02	6.211531E+02	7.746407E-02	3.810096E-04	1.339424E-02
1.780236E+00	6.010524E+02	6.098737E+02	7.830074E-02	3.840915E-04	1.318746E-02
1.801180E+00	6.409203E+02	6.134318E+02	7.981712E-02	3.840273E-04	1.335882E-02
1.822124E+00	6.296139E+02	6.074041E+02	5.059747E-02	3.877564E-04	1.342242E-02
1.843068E+00	6.171024E+02	5.966947E+02	5.621864E-02	3.920491E-04	1.336002E-02
1.864012E+00	5.972787E+02	5.976622E+02	6.575918E-02	3.941607E-04	1.335877E-02
1.884956E+00	6.574843E+02	5.977638E+02	7.244508E-02	3.946008E-04	1.352228E-02
1.905900E+00	6.454060E+02	5.823223E+02	4.523118E-02	3.976592E-04	1.360600E-02
1.926843E+00	6.260730E+02	5.710506E+02	4.833809E-02	3.973614E-04	1.354139E-02
1.947787E+00	6.473296E+02	5.726688E+02	6.980924E-02	4.026813E-04	1.364550E-02
1.968731E+00	6.998921E+02	5.735937E+02	6.373708E-02	4.052103E-04	1.358599E-02
1.989675E+00	6.937887E+02	5.669079E+02	6.294060E-02	4.074095E-04	1.362488E-02
2.010619E+00	6.451119E+02	5.533203E+02	6.942148E-02	4.096254E-04	1.362284E-02
2.031563E+00	6.635128E+02	5.476532E+02	5.413892E-02	4.090180E-04	1.368334E-02
2.052507E+00	6.888076E+02	5.452623E+02	6.474955E-02	4.174725E-04	1.371586E-02
2.073451E+00	6.726974E+02	5.351307E+02	4.898497E-02	4.173376E-04	1.357694E-02
2.094395E+00	6.887257E+02	5.326730E+02	4.714841E-02	4.234983E-04	1.374895E-02
2.115339E+00	6.622193E+02	5.255629E+02	5.844277E-02	4.181838E-04	1.379133E-02
2.136283E+00	6.949494E+02	5.233003E+02	6.015163E-02	4.244676E-04	1.383581E-02
2.157227E+00	6.800543E+02	5.175105E+02	3.738519E-02	4.241820E-04	1.377538E-02
2.178171E+00	6.830902E+02	5.151569E+02	5.008866E-02	4.323004E-04	1.384218E-02
2.199115E+00	7.208639E+02	5.132183E+02	6.823060E-02	4.332437E-04	1.390341E-02
2.220059E+00	7.361269E+02	5.023045E+02	5.576655E-02	4.358729E-04	1.383784E-02
2.241003E+00	7.104269E+02	4.938746E+02	4.549644E-02	4.345616E-04	1.380467E-02
2.261947E+00	7.337445E+02	4.968188E+02	5.062755E-02	4.408305E-04	1.395840E-02
2.282891E+00	7.693777E+02	4.994274E+02	5.943724E-02	4.430637E-04	1.413077E-02
2.303835E+00	7.392734E+02	4.864355E+02	6.596545E-02	4.467149E-04	1.403506E-02
2.324779E+00	7.659629E+02	4.837485E+02	7.329019E-02	4.452913E-04	1.405511E-02
2.345723E+00	7.764413E+02	4.796087E+02	6.656329E-02	4.508829E-04	1.400075E-02
2.366666E+00	7.860303E+02	4.775656E+02	6.107930E-02	4.572233E-04	1.410262E-02
2.387610E+00	7.964921E+02	4.737996E+02	7.139732E-02	4.560893E-04	1.403035E-02
2.408554E+00	7.996884E+02	4.722165E+02	7.781444E-02	4.611190E-04	1.410720E-02
2.429498E+00	8.566841E+02	4.804741E+02	1.023248E-01	4.657743E-04	1.408347E-02
2.450442E+00	8.483065E+02	4.769376E+02	9.646514E-02	4.675973E-04	1.416289E-02
2.471386E+00	9.007573E+02	4.797779E+02	9.856563E-02	4.743487E-04	1.423192E-02
2.492330E+00	8.999030E+02	4.768473E+02	9.374158E-02	4.770524E-04	1.433874E-02
2.513274E+00	8.963500E+02	4.758949E+02	1.054140E-01	4.769133E-04	1.426866E-02
2.534218E+00	9.570647E+02	4.776800E+02	1.190105E-01	4.840566E-04	1.444588E-02
2.555162E+00	9.550485E+02	4.732893E+02	1.200967E-01	4.887964E-04	1.437044E-02
2.576106E+00	9.893275E+02	4.693911E+02	1.341186E-01	4.917135E-04	1.444478E-02
2.597050E+00	9.976644E+02	4.701295E+02	1.246512E-01	4.958920E-04	1.435040E-02
2.617994E+00	1.021392E+03	4.741133E+02	1.433756E-01	5.011337E-04	1.461110E-02
2.638938E+00	1.058427E+03	4.692262E+02	1.585074E-01	5.070619E-04	1.457585E-02
2.659882E+00	1.077751E+03	4.745100E+02	2.358868E-01	5.123556E-04	1.465882E-02
