4.188790E-02	2.604545E+00	5.908883E+00	0.000000E+00	1.523870E-05	1.908386E-02
6.283185E-02	-2.388729E+00	1.183859E+01	1.962405E-02	3.042630E-05	1.853025E-02
8.377580E-02	7.446673E-01	1.774024E+01	1.041532E-02	4.158022E-05	2.087456E-02
1.047198E-01	-1.098362E-01	2.562332E+01	8.218256E-03	6.284100E-05	2.063656E-02
1.256637E-01	3.999157E+00	3.068438E+01	2.587578E-02	8.867364E-05	1.975095E-02
1.466077E-01	3.034815E+00	3.625564E+01	4.527791E-02	1.004433E-04	2.116277E-02
1.675516E-01	3.360540E+00	4.283220E+01	2.332538E-02	1.140412E-04	2.213628E-02
1.884956E-01	-2.809305E+00	4.404930E+01	6.033906E-02	1.263717E-04	2.289776E-02
2.094395E-01	1.258807E+01	4.998958E+01	5.368412E-02	1.496549E-04	2.053571E-02
2.303835E-01	9.997591E+00	4.842251E+01	1.838427E-02	1.503057E-04	2.180804E-02
2.513274E-01	5.545867E+00	5.432701E+01	1.794047E-01	1.613560E-04	2.126786E-02
2.722714E-01	1.008992E+01	5.892125E+01	1.065181E-01	1.780619E-04	2.165312E-02
2.932153E-01	1.175737E+01	6.326920E+01	4.640550E-02	1.931998E-04	2.242347E-02
3.141593E-01	6.769559E+00	5.699964E+01	9.384032E-02	2.051160E-04	2.103048E-02
3.351032E-01	2.198574E+01	7.464956E+01	4.706336E-02	2.306159E-04	2.188947E-02
3.560472E-01	1.428616E+01	6.666309E+01	7.102947E-02	2.302791E-04	2.170737E-02
3.769911E-01	2.190862E+01	7.080388E+01	2.890020E-02	2.465130E-04	2.120062E-02
3.979351E-01	7.580445E+00	6.943742E+01	3.190084E-02	2.531966E-04	2.084858E-02
4.188790E-01	1.153787E+01	6.683370E+01	5.187000E-02	2.573933E-04	2.145465E-02
4.398230E-01	1.725650E+01	7.119204E+01	5.018336E-02	2.716992E-04	2.115826E-02
4.607669E-01	7.417052E+00	7.678832E+01	6.621087E-02	2.897793E-04	2.105715E-02
4.817109E-01	1.299883E+01	7.625198E+01	3.311899E-02	2.993272E-04	2.118961E-02
5.026548E-01	1.850131E+01	7.583631E+01	6.181662E-02	3.002826E-04	2.126235E-02
5.235988E-01	2.722758E+01	8.356860E+01	2.451204E-02	3.177808E-04	2.171509E-02
5.445427E-01	1.116787E+01	7.866204E+01	5.289700E-02	3.149697E-04	2.138710E-02
5.654867E-01	1.372250E+01	8.008264E+01	6.477937E-02	3.282920E-04	2.107845E-02
5.864306E-01	1.989146E+01	7.982187E+01	6.606228E-02	3.342344E-04	2.093624E-02
6.073746E-01	2.270543E+01	8.068782E+01	5.341241E-02	3.383320E-04	2.117096E-02
6.283185E-01	1.975172E+01	8.842339E+01	6.357828E-02	3.572791E-04	2.165821E-02
6.492625E-01	2.490007E+01	8.399926E+01	4.575792E-02	3.578457E-04	2.146515E-02
6.702064E-01	1.839675E+01	8.784605E+01	5.897521E-02	3.694069E-04	2.187683E-02
6.911504E-01	2.362287E+01	8.426119E+01	6.802741E-02	3.644945E-04	2.130440E-02
7.120943E-01	2.964199E+01	8.802409E+01	5.040618E-02	3.842682E-04	2.168663E-02
7.330383E-01	2.918606E+01	9.064642E+01	4.013037E-02	3.962134E-04	2.147537E-02
7.539822E-01	2.134091E+01	8.841186E+01	5.276572E-02	3.981404E-04	2.141959E-02
7.749262E-01	3.101362E+01	8.814011E+01	5.820633E-02	4.022573E-04	2.136202E-02
7.958701E-01	2.960150E+01	8.921980E+01	6.519617E-02	4.153382E-04	2.153999E-02
8.168141E-01	2.053028E+01	8.557854E+01	6.706639E-02	4.153246E-04	2.099670E-02
8.377580E-01	2.919368E+01	9.183781E+01	7.383264E-02	4.262255E-04	2.133086E-02
8.587020E-01	2.647067E+01	8.871504E+01	5.715396E-02	4.295938E-04	2.127160E-02
8.796459E-01	2.134892E+01	9.186211E+01	6.567783E-02	4.510506E-04	2.149050E-02
9.005899E-01	3.062669E+01	9.383785E+01	6.045991E-02	4.500366E-04	2.172129E-02
9.215338E-01	2.594131E+01	9.266877E+01	6.070435E-02	4.579202E-04	2.129352E-02
9.424778E-01	3.771259E+01	9.623593E+01	5.998243E-02	4.669209E-04	2.140523E-02
9.634217E-01	3.456854E+01	9.672329E+01	5.394511E-02	4.700698E-04	2.163242E-02
9.843657E-01	3.890120E+01	9.505016E+01	4.986916E-02	4.760255E-04	2.125852E-02
1.005310E+00	3.538074E+01	9.629463E+01	6.903230E-02	4.956364E-04	2.111799E-02
1.026254E+00	3.351917E+01	9.724437E+01	5.035034E-02	5.036231E-04	2.124091E-02
1.047198E+00	4.136855E+01	1.016684E+02	6.304325E-02	5.123561E-04	2.158890E-02
1.068142E+00	3.710046E+01	9.984196E+01	7.467336E-02	5.159684E-04	2.169904E-02
1.089085E+00	4.372740E+01	1.013433E+02	6.388755E-02	5.199034E-04	2.159395E-02
1.110029E+00	4.276547E+01	9.892610E+01	6.898934E-02	5.239003E-04	2.163090E-02
1.130973E+00	4.839020E+01	1.022679E+02	7.803636E-02	5.375238E-04	2.174355E-02
1.151917E+00	4.777278E+01	1.007624E+02	6.896231E-02	5.444338E-04	2.174209E-02
1.172861E+00	4.775202E+01	1.037913E+02	8.338814E-02	5.573103E-04	2.183491E-02
1.193805E+00	5.115242E+01	1.008619E+02	6.503814E-02	5.611698E-04	2.145623E-02
1.214749E+00	4.874339E+01	1.027365E+02	8.364857E-02	5.700579E-04	2.147754E-02
1.235693E+00	5.151932E+01	1.020324E+02	8.703018E-02	5.737567E-04	2.128880E-02
1.256637E+00	5.087868E+01	1.016103E+02	7.075459E-02	5.825402E-04	2.171798E-02
1.277581E+00	5.249372E+01	1.036108E+02	8.759091E-02	5.909132E-04	2.168462E-02
1.298525E+00	5.982215E+01	1.032378E+02	8.827859E-02	5.960949E-04	2.157192E-02
1.319469E+00	5.914398E+01	1.032545E+02	8.090857E-02	6.055127E-04	2.186978E-02
1.340413E+00	6.361109E+01	1.031186E+02	7.430216E-02	6.111365E-04	2.168175E-02
1.361357E+00	6.642525E+01	1.056293E+02	7.672856E-02	6.291488E-04	2.176626E-02
1.382301E+00	6.296942E+01	1.041776E+02	9.342981E-02	6.319516E-04	2.166929E-02
1.403245E+00	6.343156E+01	1.046760E+02	1.097862E-01	6.287880E-04	2.187696E-02
1.424189E+00	7.074891E+01	1.063851E+02	1.129900E-01	6.455913E-04	2.200940E-02
1.445133E+00	6.981454E+01	1.053640E+02	1.044059E-01	6.489314E-04	2.201070E-02
1.466077E+00	7.273052E+01	1.051893E+02	7.470838E-02	6.552269E-04	2.202792E-02
1.487021E+00	7.408254E+01	1.047605E+02	8.019829E-02	6.647120E-04	2.203345E-02
1.507964E+00	7.699416E+01	1.059392E+02	9.323906E-02	6.707811E-04	2.229848E-02
1.528908E+00	7.485325E+01	1.060415E+02	1.003333E-01	6.803912E-04	2.211677E-02
1.549852E+00	8.060796E+01	1.064491E+02	1.097426E-01	6.901741E-04	2.228725E-02
1.570796E+00	8.025207E+01	1.063861E+02	1.111876E-01	6.912696E-04	2.225627E-02
1.591740E+00	8.152247E+01	1.065037E+02	1.226753E-01	7.005632E-04	2.237670E-02
1.612684E+00	8.400233E+01	1.059740E+02	1.312419E-01	7.046790E-04	2.244567E-02
1.633628E+00	8.360180E+01	1.054216E+02	1.293788E-01	7.092165E-04	2.231586E-02
1.654572E+00	8.464158E+01	1.075398E+02	1.338686E-01	7.203132E-04	2.254885E-02
1.675516E+00	8.914632E+01	1.057561E+02	1.285544E-01	7.238516E-04	2.267272E-02
1.696460E+00	8.841327E+01	1.061284E+02	1.349521E-01	7.267582E-04	2.252912E-02
1.717404E+00	9.284510E+01	1.055814E+02	1.195171E-01	7.320211E-04	2.255435E-02
1.738348E+00	8.393461E+01	1.042096E+02	1.088642E-01	7.382142E-04	2.259425E-02
1.759292E+00	9.164678E+01	1.042840E+02	1.304976E-01	7.440761E-04	2.260369E-02
1.780236E+00	9.596762E+01	1.052501E+02	1.300966E-01	7.587599E-04	2.266265E-02
1.801180E+00	9.711240E+01	1.043142E+02	1.345884E-01	7.544026E-04	2.258127E-02
1.822124E+00	9.545020E+01	1.041582E+02	1.349902E-01	7.627490E-04	2.277737E-02
1.843068E+00	9.240060E+01	1.052046E+02	1.289549E-01	7.677570E-04	2.302534E-02
1.864012E+00	9.070984E+01	1.032201E+02	1.226747E-01	7.707260E-04	2.281856E-02
1.884956E+00	9.756633E+01	1.032432E+02	1.546014E-01	7.840381E-04	2.301996E-02
1.905900E+00	1.015454E+02	1.038674E+02	1.377216E-01	7.917507E-04	2.319662E-02
1.926843E+00	9.646108E+01	1.020266E+02	1.454216E-01	7.900005E-04	2.294538E-02
1.947787E+00	9.998367E+01	1.030117E+02	1.537081E-01	7.904732E-04	2.334549E-02
1.968731E+00	1.068529E+02	1.036769E+02	1.421360E-01	8.038464E-04	2.340955E-02
1.989675E+00	1.050431E+02	1.009672E+02	1.514150E-01	8.059112E-04	2.317396E-02
2.010619E+00	1.006066E+02	1.020728E+02	1.376014E-01	8.126369E-04	2.313887E-02
2.031563E+00	1.050871E+02	1.023742E+02	1.320451E-01	8.147708E-04	2.353406E-02
2.052507E+00	1.092149E+02	1.007698E+02	1.376362E-01	8.204879E-04	2.328499E-02
2.073451E+00	1.089073E+02	1.011150E+02	1.525634E-01	8.268759E-04	2.349060E-02
2.094395E+00	1.083781E+02	9.997535E+01	1.532922E-01	8.350416E-04	2.354554E-02
2.115339E+00	1.066956E+02	1.003135E+02	1.370300E-01	8.377727E-04	2.352520E-02
2.136283E+00	1.040095E+02	1.007443E+02	1.441307E-01	8.401303E-04	2.372063E-02
2.157227E+00	1.075900E+02	1.003470E+02	1.344218E-01	8.540964E-04	2.342886E-02
2.178171E+00	1.090714E+02	9.952465E+01	1.378399E-01	8.577347E-04	2.379520E-02
2.199115E+00	1.133880E+02	9.967938E+01	1.179881E-01	8.575957E-04	2.394493E-02
2.220059E+00	1.088463E+02	9.865032E+01	1.214119E-01	8.682937E-04	2.383001E-02
2.241003E+00	1.062748E+02	9.753211E+01	1.461723E-01	8.642917E-04	2.398935E-02
2.261947E+00	1.133576E+02	9.836365E+01	1.309174E-01	8.757672E-04	2.403579E-02
2.282891E+00	1.203986E+02	9.747396E+01	1.413721E-01	8.824340E-04	2.405803E-02
2.303835E+00	1.109205E+02	9.613826E+01	1.215457E-01	8.840507E-04	2.409542E-02
2.324779E+00	1.112971E+02	9.710894E+01	1.240081E-01	9.004785E-04	2.422684E-02
2.345723E+00	1.184360E+02	9.675902E+01	1.181613E-01	8.995205E-04	2.415947E-02
2.366666E+00	1.142726E+02	9.492937E+01	1.417255E-01	9.096056E-04	2.423919E-02
2.387610E+00	1.228452E+02	9.646452E+01	1.380200E-01	9.178597E-04	2.442972E-02
2.408554E+00	1.236631E+02	9.687244E+01	1.289002E-01	9.221899E-04	2.436603E-02
2.429498E+00	1.511673E+02	1.090847E+02	1.317293E-01	9.293096E-04	2.454607E-02
2.450442E+00	1.487516E+02	1.080612E+02	1.301453E-01	9.345500E-04	2.438622E-02
2.471386E+00	1.553889E+02	1.079042E+02	1.267699E-01	9.415637E-04	2.444278E-02
2.492330E+00	1.542692E+02	1.074203E+02	1.345443E-01	9.470225E-04	2.461894E-02
2.513274E+00	1.560353E+02	1.089943E+02	1.630213E-01	9.522181E-04	2.469906E-02
2.534218E+00	1.590820E+02	1.086847E+02	1.518159E-01	9.688999E-04	2.489847E-02
2.555162E+00	1.596074E+02	1.065148E+02	1.310754E-01	9.621004E-04	2.468094E-02
2.576106E+00	1.578091E+02	1.087909E+02	1.430557E-01	9.784766E-04	2.507441E-02
2.597050E+00	1.683693E+02	1.089267E+02	1.396408E-01	9.823650E-04	2.515926E-02
2.617994E+00	1.650759E+02	1.077561E+02	1.323405E-01	9.970709E-04	2.474887E-02
2.638938E+00	1.683953E+02	1.084109E+02	1.271334E-01	1.001972E-03	2.522571E-02
2.659882E+00	1.776690E+02	1.098116E+02	1.376845E-01	1.013191E-03	2.555535E-02
