4.188790E-02	2.274805E+00	5.562095E+00	0.000000E+00	1.710029E-07	3.877474E-04
6.283185E-02	-3.067221E+00	1.063986E+01	1.567982E-02	3.413578E-07	3.760856E-04
8.377580E-02	4.134464E-01	1.659078E+01	1.049322E-02	4.692626E-07	4.252677E-04
1.047198E-01	-1.527195E+00	2.308824E+01	8.571793E-03	7.060014E-07	4.187445E-04
1.256637E-01	2.329384E+00	2.803075E+01	2.695600E-02	9.956357E-07	4.001372E-04
1.466077E-01	2.062526E+00	3.297138E+01	5.785854E-02	1.126493E-06	4.284773E-04
1.675516E-01	8.328292E-01	3.865781E+01	2.021750E-02	1.280720E-06	4.497473E-04
1.884956E-01	-4.114312E+00	4.086281E+01	5.589975E-02	1.421582E-06	4.654429E-04
2.094395E-01	9.024322E+00	4.544217E+01	6.754872E-02	1.686297E-06	4.192410E-04
2.303835E-01	5.937853E+00	4.499794E+01	2.322884E-02	1.685721E-06	4.441695E-04
2.513274E-01	4.199762E+00	4.692599E+01	1.711487E-01	1.831992E-06	4.290721E-04
2.722714E-01	8.086585E+00	5.468471E+01	1.086729E-01	2.014034E-06	4.457898E-04
2.932153E-01	9.493920E+00	5.897797E+01	4.687075E-02	2.205303E-06	4.551404E-04
3.141593E-01	3.399351E+00	5.227303E+01	8.439640E-02	2.317680E-06	4.220772E-04
3.351032E-01	1.714679E+01	6.673663E+01	5.395852E-02	2.632212E-06	4.443542E-04
3.560472E-01	1.193900E+01	6.178045E+01	7.359568E-02	2.638157E-06	4.359897E-04
3.769911E-01	1.427473E+01	6.461235E+01	2.155146E-02	2.842750E-06	4.363515E-04
3.979351E-01	3.953941E+00	6.288144E+01	3.896493E-02	2.948185E-06	4.215674E-04
4.188790E-01	1.009415E+01	6.042511E+01	6.647089E-02	3.007490E-06	4.334161E-04
4.398230E-01	1.095553E+01	6.571004E+01	4.616061E-02	3.178949E-06	4.289154E-04
4.607669E-01	4.562703E+00	6.775320E+01	7.096122E-02	3.389618E-06	4.283898E-04
4.817109E-01	6.580592E+00	6.976358E+01	4.185072E-02	3.570301E-06	4.315769E-04
5.026548E-01	1.701035E+01	6.889506E+01	5.358581E-02	3.591445E-06	4.314458E-04
5.235988E-01	2.294330E+01	7.574968E+01	4.234999E-02	3.833025E-06	4.381283E-04
5.445427E-01	1.454295E+01	7.323184E+01	5.004395E-02	3.857634E-06	4.292462E-04
5.654867E-01	1.529347E+01	7.616934E+01	2.726048E-02	4.069654E-06	4.344723E-04
5.864306E-01	2.217122E+01	7.733680E+01	8.507060E-02	4.186620E-06	4.275767E-04
6.073746E-01	1.705330E+01	7.660834E+01	5.480717E-02	4.256669E-06	4.362539E-04
6.283185E-01	2.346215E+01	8.428698E+01	5.785474E-02	4.518614E-06	4.425981E-04
6.492625E-01	2.218737E+01	8.013962E+01	6.727603E-02	4.572043E-06	4.324961E-04
6.702064E-01	2.472736E+01	8.511498E+01	4.452103E-02	4.824692E-06	4.383901E-04
6.911504E-01	3.785702E+01	8.101536E+01	7.557543E-02	4.822190E-06	4.273082E-04
7.120943E-01	3.852998E+01	9.008572E+01	4.526656E-02	5.184393E-06	4.439194E-04
7.330383E-01	3.538082E+01	9.052218E+01	7.616683E-02	5.344455E-06	4.364453E-04
7.539822E-01	2.838500E+01	8.706013E+01	4.912097E-02	5.386637E-06	4.325063E-04
7.749262E-01	3.524880E+01	8.993007E+01	7.317989E-02	5.489098E-06	4.450092E-04
7.958701E-01	4.332340E+01	9.005628E+01	5.779631E-02	5.703174E-06	4.381843E-04
8.168141E-01	4.079931E+01	9.082563E+01	8.015939E-02	5.867461E-06	4.343842E-04
8.377580E-01	4.114043E+01	9.233582E+01	8.372083E-02	6.038869E-06	4.365530E-04
8.587020E-01	4.703647E+01	9.187286E+01	8.295754E-02	6.195427E-06	4.346649E-04
8.796459E-01	4.571746E+01	9.334968E+01	7.779366E-02	6.460306E-06	4.325173E-04
9.005899E-01	4.953691E+01	9.561122E+01	7.578941E-02	6.587521E-06	4.394826E-04
9.215338E-01	5.927765E+01	9.548437E+01	7.303470E-02	6.674862E-06	4.385206E-04
9.424778E-01	4.901402E+01	9.549672E+01	6.869900E-02	6.701850E-06	4.407779E-04
9.634217E-01	5.734030E+01	9.607271E+01	7.160070E-02	6.862132E-06	4.451677E-04
9.843657E-01	6.008780E+01	9.621918E+01	9.009211E-02	7.094400E-06	4.387045E-04
1.005310E+00	6.009130E+01	9.705085E+01	8.160626E-02	7.361630E-06	4.375359E-04
1.026254E+00	6.374714E+01	9.676034E+01	1.163305E-01	7.444683E-06	4.365610E-04
1.047198E+00	5.864187E+01	1.005953E+02	8.795785E-02	7.741592E-06	4.422965E-04
1.068142E+00	7.262827E+01	1.008587E+02	1.071976E-01	7.778993E-06	4.451121E-04
1.089085E+00	7.194005E+01	1.001245E+02	9.632451E-02	7.901865E-06	4.485518E-04
1.110029E+00	8.059546E+01	1.013319E+02	1.131001E-01	8.053464E-06	4.517942E-04
1.130973E+00	7.066775E+01	9.932937E+01	1.015536E-01	8.155479E-06	4.457344E-04
1.151917E+00	7.553328E+01	1.001357E+02	8.029942E-02	8.225115E-06	4.525047E-04
1.172861E+00	7.871627E+01	1.019677E+02	1.096710E-01	8.544690E-06	4.549038E-04
1.193805E+00	8.198056E+01	1.024339E+02	1.127125E-01	8.637342E-06	4.556190E-04
1.214749E+00	8.189546E+01	9.922465E+01	9.031532E-02	8.795774E-06	4.465096E-04
1.235693E+00	8.605103E+01	1.005490E+02	1.020217E-01	8.971835E-06	4.484038E-04
1.256637E+00	8.132366E+01	9.753993E+01	1.279690E-01	8.896201E-06	4.504656E-04
1.277581E+00	8.309842E+01	9.908613E+01	1.124430E-01	9.049284E-06	4.574675E-04
1.298525E+00	9.013730E+01	9.908116E+01	1.199226E-01	9.291218E-06	4.560362E-04
1.319469E+00	8.989060E+01	9.810885E+01	1.014868E-01	9.288529E-06	4.566802E-04
1.340413E+00	8.963262E+01	9.625282E+01	1.079936E-01	9.447771E-06	4.483268E-04
1.361357E+00	9.342831E+01	9.753208E+01	1.140730E-01	9.644953E-06	4.551448E-04
1.382301E+00	9.945762E+01	9.704823E+01	1.125664E-01	9.658248E-06	4.604536E-04
1.403245E+00	9.136866E+01	9.545351E+01	1.086969E-01	9.734953E-06	4.572261E-04
1.424189E+00	9.694965E+01	9.544398E+01	1.135791E-01	9.966675E-06	4.571524E-04
1.445133E+00	9.370771E+01	9.587303E+01	9.883418E-02	1.002911E-05	4.650991E-04
1.466077E+00	8.947885E+01	9.444878E+01	9.482106E-02	1.005737E-05	4.618052E-04
1.487021E+00	9.897443E+01	9.432049E+01	9.112958E-02	1.023262E-05	4.640709E-04
1.507964E+00	9.967410E+01	9.422364E+01	1.042078E-01	1.031815E-05	4.655422E-04
1.528908E+00	9.785515E+01	9.051422E+01	1.289323E-01	1.031704E-05	4.631898E-04
1.549852E+00	9.671287E+01	9.276832E+01	1.158060E-01	1.043709E-05	4.688090E-04
1.570796E+00	9.825245E+01	9.040393E+01	1.028582E-01	1.050360E-05	4.660924E-04
1.591740E+00	9.773503E+01	9.015557E+01	9.098953E-02	1.059333E-05	4.696753E-04
1.612684E+00	9.785736E+01	8.947588E+01	1.183185E-01	1.073916E-05	4.674302E-04
1.633628E+00	9.443769E+01	8.743875E+01	1.054902E-01	1.075390E-05	4.631295E-04
1.654572E+00	9.836008E+01	8.781272E+01	9.905601E-02	1.087541E-05	4.702272E-04
1.675516E+00	9.546700E+01	8.602021E+01	1.011263E-01	1.097693E-05	4.639917E-04
1.696460E+00	9.683336E+01	8.644912E+01	1.122222E-01	1.108568E-05	4.682058E-04
1.717404E+00	9.897204E+01	8.539346E+01	1.025431E-01	1.110773E-05	4.707625E-04
1.738348E+00	9.646309E+01	8.390252E+01	8.137604E-02	1.113754E-05	4.743529E-04
1.759292E+00	1.019234E+02	8.276365E+01	9.885729E-02	1.127782E-05	4.725686E-04
1.780236E+00	9.786858E+01	8.218174E+01	9.536164E-02	1.140179E-05	4.673435E-04
1.801180E+00	1.003737E+02	8.075007E+01	1.029144E-01	1.141316E-05	4.678233E-04
1.822124E+00	9.523025E+01	7.919438E+01	7.752564E-02	1.147868E-05	4.707472E-04
1.843068E+00	9.899896E+01	8.000565E+01	7.264514E-02	1.156233E-05	4.739569E-04
1.864012E+00	9.279907E+01	7.865917E+01	8.644096E-02	1.162587E-05	4.689692E-04
1.884956E+00	9.857019E+01	7.727684E+01	8.023224E-02	1.169551E-05	4.727837E-04
1.905900E+00	9.789496E+01	7.681420E+01	6.377181E-02	1.176969E-05	4.760641E-04
1.926843E+00	9.694042E+01	7.613110E+01	5.344694E-02	1.185225E-05	4.732019E-04
1.947787E+00	9.944485E+01	7.542867E+01	8.095773E-02	1.188267E-05	4.792920E-04
1.968731E+00	9.961714E+01	7.450642E+01	6.784976E-02	1.206476E-05	4.725782E-04
1.989675E+00	9.785906E+01	7.306461E+01	7.393877E-02	1.199079E-05	4.734019E-04
2.010619E+00	9.816213E+01	7.188557E+01	5.208335E-02	1.208996E-05	4.787092E-04
2.031563E+00	9.555483E+01	7.127353E+01	5.235814E-02	1.221099E-05	4.748631E-04
2.052507E+00	1.060183E+02	7.243122E+01	6.782977E-02	1.244878E-05	4.830504E-04
2.073451E+00	9.903531E+01	7.089981E+01	4.951543E-02	1.236698E-05	4.806747E-04
2.094395E+00	1.016213E+02	7.042163E+01	6.717807E-02	1.248047E-05	4.839604E-04
2.115339E+00	9.902459E+01	6.870511E+01	7.563046E-02	1.247775E-05	4.782527E-04
2.136283E+00	1.020209E+02	6.849938E+01	6.323056E-02	1.256642E-05	4.839564E-04
2.157227E+00	1.004569E+02	6.858588E+01	6.379554E-02	1.274433E-05	4.793751E-04
2.178171E+00	9.997329E+01	6.738052E+01	5.900549E-02	1.282590E-05	4.776829E-04
2.199115E+00	1.058815E+02	6.711790E+01	5.734634E-02	1.291827E-05	4.846422E-04
2.220059E+00	1.020965E+02	6.693179E+01	6.129370E-02	1.300245E-05	4.869942E-04
2.241003E+00	1.013337E+02	6.519109E+01	5.152827E-02	1.294079E-05	4.785900E-04
2.261947E+00	1.036794E+02	6.441886E+01	5.729207E-02	1.314465E-05	4.823362E-04
2.282891E+00	1.073151E+02	6.459189E+01	6.646623E-02	1.321385E-05	4.864767E-04
2.303835E+00	1.059516E+02	6.403950E+01	5.617247E-02	1.332762E-05	4.875492E-04
2.324779E+00	1.071130E+02	6.349614E+01	6.334766E-02	1.348264E-05	4.856676E-04
2.345723E+00	1.094769E+02	6.278786E+01	5.734622E-02	1.351346E-05	4.873532E-04
2.366666E+00	1.103021E+02	6.320683E+01	5.454848E-02	1.360505E-05	4.902075E-04
2.387610E+00	1.071525E+02	6.121662E+01	5.871046E-02	1.364431E-05	4.841695E-04
2.408554E+00	1.136642E+02	6.242629E+01	4.613447E-02	1.382983E-05	4.914275E-04
2.429498E+00	1.156169E+02	6.164778E+01	6.413951E-02	1.405645E-05	4.914343E-04
2.450442E+00	1.144211E+02	6.060949E+01	5.057429E-02	1.401613E-05	4.870316E-04
2.471386E+00	1.160036E+02	6.045201E+01	8.938808E-02	1.411071E-05	4.924501E-04
2.492330E+00	1.166036E+02	6.105163E+01	7.553505E-02	1.432586E-05	4.918347E-04
2.513274E+00	1.205191E+02	6.038410E+01	9.031548E-02	1.438034E-05	4.967817E-04
2.534218E+00	1.261292E+02	6.015639E+01	9.706518E-02	1.458771E-05	4.931421E-04
2.555162E+00	1.251383E+02	5.998239E+01	9.280841E-02	1.462617E-05	4.974006E-04
2.576106E+00	1.254556E+02	5.972770E+01	9.143079E-02	1.478795E-05	4.959878E-04
2.597050E+00	1.309561E+02	5.934793E+01	1.050208E-01	1.492068E-05	4.971123E-04
2.617994E+00	1.351790E+02	6.001497E+01	1.113623E-01	1.509917E-05	5.039059E-04
2.638938E+00	1.364363E+02	5.973353E+01	1.508732E-01	1.530522E-05	5.026599E-04
2.659882E+00	1.410106E+02	5.942118E+01	1.287760E-01	1.543188E-05	5.030898E-04
