4.188790E-02	6.994735E-02	2.269031E-01	0.000000E+00	1.680133E-09	5.680123E-06
6.283185E-02	-1.013760E-01	3.016862E-01	1.057121E-02	3.365309E-09	5.478160E-06
8.377580E-02	5.958288E-02	4.321758E-01	4.999877E-03	4.603577E-09	6.186545E-06
1.047198E-01	-9.832415E-02	5.525155E-01	2.066194E-02	6.953609E-09	6.115641E-06
1.256637E-01	6.532421E-02	7.400481E-01	1.845302E-02	9.820106E-09	5.821049E-06
1.466077E-01	1.213911E-01	7.781777E-01	7.053344E-02	1.114184E-08	6.265781E-06
1.675516E-01	-7.341005E-02	8.994451E-01	3.905568E-02	1.264441E-08	6.591229E-06
1.884956E-01	-6.027747E-03	1.045574E+00	4.607218E-02	1.406065E-08	6.794348E-06
2.094395E-01	4.011541E-02	1.069348E+00	9.479953E-02	1.669727E-08	6.117941E-06
2.303835E-01	-1.649882E-01	1.154097E+00	4.024121E-02	1.695197E-08	6.454457E-06
2.513274E-01	8.017862E-02	1.160725E+00	9.218728E-02	1.849462E-08	6.184520E-06
2.722714E-01	6.181854E-02	1.327381E+00	7.068844E-02	2.016834E-08	6.433272E-06
2.932153E-01	8.139027E-02	1.440998E+00	6.977164E-02	2.261730E-08	6.516795E-06
3.141593E-01	1.054216E-01	1.444271E+00	5.216707E-02	2.412177E-08	6.203604E-06
3.351032E-01	5.985435E-02	1.545369E+00	3.143756E-02	2.720369E-08	6.495822E-06
3.560472E-01	-1.344717E-01	1.617242E+00	5.972736E-02	2.737519E-08	6.390611E-06
3.769911E-01	1.720234E-01	1.732137E+00	4.271527E-02	2.968929E-08	6.395144E-06
3.979351E-01	-7.792533E-02	1.599285E+00	5.401441E-02	3.142788E-08	6.124227E-06
4.188790E-01	2.113910E-01	1.754315E+00	6.489317E-02	3.192342E-08	6.432170E-06
4.398230E-01	-5.227440E-02	1.779065E+00	7.368305E-02	3.437163E-08	6.227698E-06
4.607669E-01	8.405358E-02	1.923129E+00	4.218184E-02	3.621624E-08	6.374358E-06
4.817109E-01	4.108399E-02	1.903763E+00	7.721304E-02	3.912095E-08	6.397490E-06
5.026548E-01	4.580462E-01	1.955103E+00	3.393081E-02	4.002793E-08	6.301473E-06
5.235988E-01	1.005056E-01	2.010565E+00	7.438488E-02	4.302407E-08	6.621219E-06
5.445427E-01	8.881260E-02	2.126279E+00	7.458053E-02	4.345253E-08	6.350706E-06
5.654867E-01	4.196807E-01	2.105621E+00	4.612258E-02	4.602343E-08	6.441870E-06
5.864306E-01	8.361085E-02	2.076587E+00	7.822498E-02	4.813786E-08	6.367153E-06
6.073746E-01	1.148087E-01	2.020565E+00	7.727390E-02	4.969196E-08	6.397807E-06
6.283185E-01	5.429706E-01	2.137348E+00	9.196051E-02	5.226594E-08	6.437541E-06
6.492625E-01	-1.968815E-02	2.114274E+00	4.010009E-02	5.339257E-08	6.344631E-06
6.702064E-01	4.245479E-01	2.174041E+00	4.349137E-02	5.553262E-08	6.434828E-06
6.911504E-01	5.832467E-01	2.199220E+00	4.954008E-02	5.753476E-08	6.497249E-06
7.120943E-01	4.372798E-01	2.191640E+00	6.463045E-02	5.959570E-08	6.411969E-06
7.330383E-01	5.560195E-01	2.215373E+00	5.041682E-02	6.298043E-08	6.490115E-06
7.539822E-01	4.765251E-01	2.214574E+00	4.103667E-02	6.406148E-08	6.420493E-06
7.749262E-01	4.432258E-01	2.223372E+00	4.513533E-02	6.548737E-08	6.577213E-06
7.958701E-01	4.972415E-01	2.185486E+00	6.171944E-02	6.785392E-08	6.560340E-06
8.168141E-01	4.741635E-01	2.205185E+00	6.580649E-02	6.961069E-08	6.385383E-06
8.377580E-01	4.804508E-01	2.219368E+00	5.682584E-02	7.186670E-08	6.469105E-06
8.587020E-01	6.064754E-01	2.237728E+00	8.085709E-02	7.434313E-08	6.501875E-06
8.796459E-01	4.342866E-01	2.174966E+00	8.507298E-02	7.536568E-08	6.624091E-06
9.005899E-01	3.543504E-01	2.170801E+00	5.518645E-02	7.891268E-08	6.465268E-06
9.215338E-01	6.567070E-01	2.224698E+00	5.692823E-02	7.987976E-08	6.554571E-06
9.424778E-01	6.921216E-01	2.165348E+00	6.483760E-02	8.066709E-08	6.531625E-06
9.634217E-01	6.704542E-01	2.106170E+00	9.706433E-02	8.281532E-08	6.542456E-06
9.843657E-01	7.393169E-01	2.156366E+00	6.148779E-02	8.483857E-08	6.586589E-06
1.005310E+00	7.453578E-01	2.098476E+00	4.851954E-02	8.706108E-08	6.561461E-06
1.026254E+00	6.542055E-01	2.071760E+00	7.261933E-02	8.866745E-08	6.630677E-06
1.047198E+00	6.185633E-01	1.963287E+00	6.715922E-02	9.174508E-08	6.582231E-06
1.068142E+00	9.337123E-01	2.034166E+00	6.768649E-02	9.196897E-08	6.735739E-06
1.089085E+00	8.244101E-01	2.055326E+00	4.235240E-02	9.429017E-08	6.667353E-06
1.110029E+00	8.082652E-01	1.970521E+00	6.418167E-02	9.410219E-08	6.604334E-06
1.130973E+00	7.978157E-01	1.961632E+00	7.918834E-02	9.674229E-08	6.689572E-06
1.151917E+00	9.390470E-01	1.931931E+00	5.844588E-02	9.804107E-08	6.712495E-06
1.172861E+00	1.002928E+00	1.932752E+00	7.387483E-02	1.003736E-07	6.798483E-06
1.193805E+00	7.852347E-01	1.927783E+00	5.190862E-02	1.012006E-07	6.652623E-06
1.214749E+00	9.271179E-01	1.907960E+00	6.117055E-02	1.032023E-07	6.743111E-06
1.235693E+00	9.323922E-01	1.845351E+00	6.504831E-02	1.056333E-07	6.717479E-06
1.256637E+00	9.272258E-01	1.876722E+00	7.162248E-02	1.057104E-07	6.708787E-06
1.277581E+00	9.931010E-01	1.803812E+00	7.561938E-02	1.057694E-07	6.778570E-06
1.298525E+00	9.755424E-01	1.760263E+00	5.623387E-02	1.075801E-07	6.702656E-06
1.319469E+00	9.979575E-01	1.748320E+00	6.245163E-02	1.096891E-07	6.777368E-06
1.340413E+00	1.026254E+00	1.737957E+00	6.595094E-02	1.106815E-07	6.743325E-06
1.361357E+00	1.089626E+00	1.735601E+00	6.462605E-02	1.131566E-07	6.825310E-06
1.382301E+00	1.091580E+00	1.682827E+00	5.739712E-02	1.131057E-07	6.765061E-06
1.403245E+00	1.019633E+00	1.634290E+00	7.908251E-02	1.141535E-07	6.762268E-06
1.424189E+00	1.043557E+00	1.622831E+00	6.040199E-02	1.158293E-07	6.798071E-06
1.445133E+00	1.008376E+00	1.636544E+00	7.090568E-02	1.174489E-07	6.820040E-06
1.466077E+00	1.016490E+00	1.584971E+00	8.308761E-02	1.180687E-07	6.819408E-06
1.487021E+00	1.084264E+00	1.576975E+00	7.328718E-02	1.198256E-07	6.833012E-06
1.507964E+00	1.171058E+00	1.569833E+00	5.949677E-02	1.212118E-07	6.791255E-06
1.528908E+00	1.071612E+00	1.542596E+00	8.023470E-02	1.212531E-07	6.796457E-06
1.549852E+00	1.132705E+00	1.513948E+00	8.555789E-02	1.231869E-07	6.781798E-06
1.570796E+00	1.108606E+00	1.519255E+00	7.960935E-02	1.233573E-07	6.847928E-06
1.591740E+00	1.022942E+00	1.456415E+00	1.015864E-01	1.239683E-07	6.793791E-06
1.612684E+00	1.030207E+00	1.438089E+00	6.691394E-02	1.244009E-07	6.800511E-06
1.633628E+00	1.086402E+00	1.457006E+00	6.646266E-02	1.273102E-07	6.836959E-06
1.654572E+00	1.051653E+00	1.403182E+00	7.512738E-02	1.265556E-07	6.886083E-06
1.675516E+00	1.158870E+00	1.424521E+00	7.142754E-02	1.292578E-07	6.786416E-06
1.696460E+00	1.023838E+00	1.377243E+00	7.758974E-02	1.303781E-07	6.811971E-06
1.717404E+00	1.080702E+00	1.347708E+00	6.840923E-02	1.309211E-07	6.810754E-06
1.738348E+00	1.113017E+00	1.335068E+00	6.694308E-02	1.315700E-07	6.885384E-06
1.759292E+00	1.068909E+00	1.339531E+00	6.750922E-02	1.324875E-07	6.902518E-06
1.780236E+00	1.100667E+00	1.316495E+00	6.452663E-02	1.328557E-07	6.783970E-06
1.801180E+00	1.108833E+00	1.308381E+00	5.797668E-02	1.345541E-07	6.816760E-06
1.822124E+00	1.041214E+00	1.273355E+00	8.298505E-02	1.355759E-07	6.878305E-06
1.843068E+00	1.098150E+00	1.285331E+00	6.586113E-02	1.364096E-07	6.815185E-06
1.864012E+00	1.079612E+00	1.243279E+00	6.259171E-02	1.368776E-07	6.888540E-06
1.884956E+00	1.144944E+00	1.242216E+00	6.578065E-02	1.381629E-07	6.852572E-06
1.905900E+00	1.091533E+00	1.222532E+00	1.017784E-01	1.402500E-07	6.848167E-06
1.926843E+00	1.058750E+00	1.210940E+00	6.750444E-02	1.397525E-07	6.858745E-06
1.947787E+00	1.065861E+00	1.196040E+00	6.598305E-02	1.417458E-07	6.911998E-06
1.968731E+00	1.092048E+00	1.189670E+00	5.743249E-02	1.422272E-07	6.883785E-06
1.989675E+00	1.130793E+00	1.159967E+00	4.646303E-02	1.445371E-07	6.942671E-06
2.010619E+00	1.089306E+00	1.157054E+00	7.928733E-02	1.439631E-07	6.954052E-06
2.031563E+00	1.133245E+00	1.147217E+00	5.546520E-02	1.457987E-07	6.919352E-06
2.052507E+00	1.112103E+00	1.138080E+00	7.008409E-02	1.473066E-07	6.970362E-06
2.073451E+00	1.106469E+00	1.123855E+00	6.199211E-02	1.482358E-07	6.992883E-06
2.094395E+00	1.134514E+00	1.120811E+00	5.634548E-02	1.497792E-07	6.928383E-06
2.115339E+00	1.162991E+00	1.115113E+00	5.243770E-02	1.505541E-07	6.933464E-06
2.136283E+00	1.183750E+00	1.102505E+00	7.052317E-02	1.516855E-07	6.990958E-06
2.157227E+00	1.159646E+00	1.092216E+00	7.784722E-02	1.511885E-07	7.010292E-06
2.178171E+00	1.199224E+00	1.083258E+00	6.604406E-02	1.539072E-07	6.995705E-06
2.199115E+00	1.211006E+00	1.083794E+00	6.316681E-02	1.543393E-07	7.003226E-06
2.220059E+00	1.209111E+00	1.059790E+00	5.337456E-02	1.561683E-07	6.969996E-06
2.241003E+00	1.236344E+00	1.047963E+00	6.616509E-02	1.570729E-07	6.940973E-06
2.261947E+00	1.235500E+00	1.053497E+00	7.656212E-02	1.578702E-07	6.963543E-06
2.282891E+00	1.281019E+00	1.042789E+00	4.620098E-02	1.599226E-07	6.995294E-06
2.303835E+00	1.367120E+00	1.047222E+00	5.791799E-02	1.618731E-07	7.056029E-06
2.324779E+00	1.379364E+00	1.042160E+00	6.220125E-02	1.634474E-07	7.013470E-06
2.345723E+00	1.409547E+00	1.036953E+00	5.558098E-02	1.653196E-07	7.018159E-06
2.366666E+00	1.391805E+00	1.033246E+00	5.937756E-02	1.650544E-07	7.094130E-06
2.387610E+00	1.428991E+00	1.033871E+00	5.946877E-02	1.669297E-07	7.073517E-06
2.408554E+00	1.424206E+00	1.027029E+00	5.784919E-02	1.691788E-07	7.024025E-06
2.429498E+00	1.547145E+00	1.024807E+00	5.140778E-02	1.702207E-07	7.057877E-06
2.450442E+00	1.572636E+00	1.019434E+00	4.179165E-02	1.726828E-07	7.128744E-06
2.471386E+00	1.541750E+00	1.014285E+00	5.468170E-02	1.727598E-07	7.017547E-06
2.492330E+00	1.653754E+00	1.025246E+00	6.225135E-02	1.753745E-07	7.112885E-06
2.513274E+00	1.611013E+00	1.015250E+00	5.790017E-02	1.757834E-07	7.114063E-06
2.534218E+00	1.702968E+00	1.019009E+00	6.125469E-02	1.783668E-07	7.146753E-06
2.555162E+00	1.818579E+00	1.021020E+00	6.249171E-02	1.799750E-07	7.169550E-06
2.576106E+00	1.795351E+00	1.021815E+00	5.804561E-02	1.822393E-07	7.140549E-06
2.597050E+00	1.841382E+00	1.018247E+00	7.249065E-02	1.839182E-07	7.188385E-06
2.617994E+00	1.937290E+00	1.027080E+00	8.709153E-02	1.849157E-07	7.192282E-06
2.638938E+00	1.960156E+00	1.028756E+00	9.310675E-02	1.888828E-07	7.237637E-06
2.659882E+00	2.018355E+00	1.033976E+00	1.029653E-01	1.900181E-07	7.259170E-06
