4.188790E-02	2.893726E+00	4.548953E+00	0.000000E+00	2.874044E-09	7.684561E-07
6.283185E-02	-3.275942E+00	7.202848E+00	1.396652E-02	5.775643E-09	7.466051E-07
8.377580E-02	-3.441201E-01	1.177131E+01	9.233330E-03	7.717191E-09	8.464017E-07
1.047198E-01	-1.999076E+00	1.398886E+01	9.340534E-03	1.179953E-08	8.297711E-07
1.256637E-01	-8.000212E-01	1.389476E+01	5.931209E-02	1.674345E-08	8.017034E-07
1.466077E-01	-7.001173E-02	1.013466E+01	9.226151E-02	1.884488E-08	8.465353E-07
1.675516E-01	7.815737E-01	1.035388E+01	4.341557E-02	2.152647E-08	8.957314E-07
1.884956E-01	-2.657113E-02	1.000806E+01	1.203453E-02	2.389200E-08	9.317447E-07
2.094395E-01	-1.695077E-01	8.847353E+00	6.627334E-02	2.839960E-08	8.318292E-07
2.303835E-01	-9.605378E-01	8.001023E+00	9.570035E-02	2.887688E-08	8.827736E-07
2.513274E-01	-1.133658E+00	7.747719E+00	4.607275E-02	3.038702E-08	8.688280E-07
2.722714E-01	2.852847E-01	6.945601E+00	4.957329E-02	3.347296E-08	8.565012E-07
2.932153E-01	1.173562E-01	6.431756E+00	3.888766E-02	3.635553E-08	8.996397E-07
3.141593E-01	-8.380954E-02	5.827374E+00	1.861326E-02	3.952500E-08	8.403637E-07
3.351032E-01	1.245109E-01	5.699424E+00	7.421350E-02	4.371356E-08	8.550392E-07
3.560472E-01	-6.801056E-01	5.221929E+00	8.658416E-02	4.410220E-08	8.703925E-07
3.769911E-01	6.923688E-01	5.339857E+00	3.771111E-02	4.735089E-08	8.422219E-07
3.979351E-01	8.442091E-01	5.155153E+00	5.412799E-02	4.778770E-08	8.428415E-07
4.188790E-01	7.328194E-01	4.900103E+00	2.481482E-02	4.947942E-08	8.736249E-07
4.398230E-01	5.301471E-01	4.440177E+00	3.986241E-02	5.243882E-08	8.514410E-07
4.607669E-01	5.343660E-01	4.445525E+00	3.292802E-02	5.457061E-08	8.582446E-07
4.817109E-01	3.822873E-01	4.207267E+00	6.246746E-02	5.552144E-08	8.462846E-07
5.026548E-01	3.572597E-01	4.189281E+00	5.127044E-02	5.766626E-08	8.467537E-07
5.235988E-01	3.904247E-01	4.078152E+00	5.032215E-02	5.951108E-08	8.685296E-07
5.445427E-01	4.382289E-01	4.099488E+00	2.727796E-02	6.012847E-08	8.638807E-07
5.654867E-01	7.036839E-01	4.113266E+00	5.490015E-02	6.215896E-08	8.530743E-07
5.864306E-01	7.601157E-01	3.912395E+00	4.703943E-02	6.294973E-08	8.575259E-07
6.073746E-01	3.646074E-01	3.515078E+00	5.279481E-02	6.367522E-08	8.587933E-07
6.283185E-01	5.587910E-01	3.458528E+00	5.876682E-02	6.594072E-08	8.538315E-07
6.492625E-01	9.062134E-01	3.502592E+00	5.852339E-02	6.701840E-08	8.634189E-07
6.702064E-01	4.578859E-01	3.329219E+00	9.181753E-02	6.826603E-08	8.669907E-07
6.911504E-01	6.283968E-01	3.455234E+00	3.841549E-02	6.831236E-08	8.560263E-07
7.120943E-01	5.941872E-01	3.146083E+00	4.557281E-02	7.102747E-08	8.667692E-07
7.330383E-01	3.025722E-01	3.186126E+00	5.659455E-02	7.209317E-08	8.507163E-07
7.539822E-01	4.133376E-01	3.097635E+00	3.907919E-02	7.222200E-08	8.635759E-07
7.749262E-01	3.681121E-01	3.170555E+00	5.362531E-02	7.249389E-08	8.798575E-07
7.958701E-01	4.607151E-01	3.000889E+00	5.378941E-02	7.382997E-08	8.753484E-07
8.168141E-01	4.470386E-01	2.901721E+00	6.802633E-02	7.483336E-08	8.547495E-07
8.377580E-01	3.375039E-01	2.829891E+00	5.094514E-02	7.550217E-08	8.615576E-07
8.587020E-01	2.583253E-01	2.714544E+00	4.928849E-02	7.611542E-08	8.550389E-07
8.796459E-01	4.751396E-01	2.769389E+00	8.075288E-02	7.661786E-08	8.683585E-07
9.005899E-01	5.766097E-01	2.681269E+00	5.335176E-02	7.627463E-08	8.499315E-07
9.215338E-01	8.827322E-01	2.673748E+00	4.360593E-02	7.797275E-08	8.516490E-07
9.424778E-01	7.428746E-01	2.686407E+00	7.179114E-02	7.951756E-08	8.317532E-07
9.634217E-01	6.917912E-01	2.614855E+00	5.061839E-02	7.871531E-08	8.630653E-07
9.843657E-01	6.375769E-01	2.600603E+00	5.677099E-02	7.909870E-08	8.579823E-07
1.005310E+00	8.971349E-01	2.585249E+00	5.971105E-02	7.985005E-08	8.414432E-07
1.026254E+00	7.041467E-01	2.490661E+00	3.803509E-02	8.040862E-08	8.580329E-07
1.047198E+00	8.555486E-01	2.482467E+00	4.910126E-02	8.180170E-08	8.677066E-07
1.068142E+00	8.623534E-01	2.414538E+00	4.893438E-02	8.142163E-08	8.717691E-07
1.089085E+00	9.470413E-01	2.380617E+00	4.769817E-02	8.142369E-08	8.579697E-07
1.110029E+00	1.005005E+00	2.357148E+00	4.309977E-02	8.154506E-08	8.685696E-07
1.130973E+00	9.943015E-01	2.315739E+00	6.431019E-02	8.194481E-08	8.588264E-07
1.151917E+00	1.199444E+00	2.346213E+00	6.105981E-02	8.131419E-08	8.655099E-07
1.172861E+00	1.076369E+00	2.261568E+00	3.891152E-02	8.283007E-08	8.578480E-07
1.193805E+00	1.078484E+00	2.248654E+00	6.813302E-02	8.315091E-08	8.693464E-07
1.214749E+00	1.041233E+00	2.248967E+00	5.517847E-02	8.297558E-08	8.572290E-07
1.235693E+00	1.030891E+00	2.229628E+00	9.238025E-02	8.344818E-08	8.521662E-07
1.256637E+00	1.114097E+00	2.158426E+00	6.387919E-02	8.248342E-08	8.496413E-07
1.277581E+00	1.128388E+00	2.146704E+00	6.630565E-02	8.271590E-08	8.607313E-07
1.298525E+00	1.121002E+00	2.150085E+00	7.656550E-02	8.294408E-08	8.591453E-07
1.319469E+00	1.284443E+00	2.135274E+00	9.424393E-02	8.273828E-08	8.499920E-07
1.340413E+00	1.093355E+00	2.075209E+00	8.120925E-02	8.302948E-08	8.626458E-07
1.361357E+00	1.148569E+00	2.046931E+00	8.401473E-02	8.418577E-08	8.539831E-07
1.382301E+00	9.984324E-01	1.991320E+00	6.336439E-02	8.355551E-08	8.577006E-07
1.403245E+00	1.112470E+00	2.001847E+00	6.066520E-02	8.266612E-08	8.587743E-07
1.424189E+00	1.161436E+00	1.959732E+00	5.618566E-02	8.281829E-08	8.530611E-07
1.445133E+00	1.191853E+00	1.940898E+00	5.564230E-02	8.351273E-08	8.631414E-07
1.466077E+00	1.153578E+00	1.898697E+00	8.641486E-02	8.186711E-08	8.593278E-07
1.487021E+00	1.197117E+00	1.895199E+00	5.627583E-02	8.294464E-08	8.686459E-07
1.507964E+00	1.154817E+00	1.898947E+00	6.371487E-02	8.258512E-08	8.600912E-07
1.528908E+00	1.012725E+00	1.828743E+00	5.507054E-02	8.229725E-08	8.615325E-07
1.549852E+00	1.211129E+00	1.832191E+00	6.548178E-02	8.222354E-08	8.597798E-07
1.570796E+00	1.328888E+00	1.800276E+00	5.789810E-02	8.194047E-08	8.593870E-07
1.591740E+00	1.158949E+00	1.779958E+00	6.721436E-02	8.182958E-08	8.588409E-07
1.612684E+00	1.224671E+00	1.759190E+00	7.447445E-02	8.095906E-08	8.617404E-07
1.633628E+00	1.215862E+00	1.750674E+00	7.356621E-02	8.092926E-08	8.676713E-07
1.654572E+00	1.366418E+00	1.749522E+00	7.788077E-02	8.050784E-08	8.660252E-07
1.675516E+00	1.249493E+00	1.724918E+00	6.972276E-02	8.075065E-08	8.619939E-07
1.696460E+00	1.345785E+00	1.709264E+00	5.123280E-02	8.063411E-08	8.685374E-07
1.717404E+00	1.350024E+00	1.693372E+00	6.255433E-02	8.048415E-08	8.661011E-07
1.738348E+00	1.353994E+00	1.665528E+00	8.185687E-02	8.062515E-08	8.641094E-07
1.759292E+00	1.413561E+00	1.660349E+00	7.684005E-02	8.007618E-08	8.675036E-07
1.780236E+00	1.416985E+00	1.644678E+00	6.472143E-02	8.011204E-08	8.689192E-07
1.801180E+00	1.404118E+00	1.636554E+00	7.977046E-02	7.961957E-08	8.626994E-07
1.822124E+00	1.568440E+00	1.630896E+00	7.264545E-02	7.963267E-08	8.753453E-07
1.843068E+00	1.520239E+00	1.631939E+00	7.562547E-02	7.942990E-08	8.723217E-07
1.864012E+00	1.595911E+00	1.614572E+00	7.978857E-02	7.965053E-08	8.648358E-07
1.884956E+00	1.587626E+00	1.591493E+00	8.295621E-02	7.885828E-08	8.730862E-07
1.905900E+00	1.673551E+00	1.603827E+00	9.012741E-02	7.910395E-08	8.682143E-07
1.926843E+00	1.613840E+00	1.568809E+00	9.163243E-02	7.906774E-08	8.633915E-07
1.947787E+00	1.656002E+00	1.597146E+00	8.996144E-02	7.816414E-08	8.731266E-07
1.968731E+00	1.675454E+00	1.567545E+00	1.102185E-01	7.874995E-08	8.714454E-07
1.989675E+00	1.868924E+00	1.581225E+00	1.166095E-01	7.831999E-08	8.705787E-07
2.010619E+00	1.975080E+00	1.587648E+00	1.002629E-01	7.823118E-08	8.777205E-07
2.031563E+00	2.026614E+00	1.584967E+00	1.035983E-01	7.831761E-08	8.741556E-07
2.052507E+00	2.140928E+00	1.584452E+00	1.009751E-01	7.853441E-08	8.799323E-07
2.073451E+00	2.190162E+00	1.585355E+00	8.936627E-02	7.789560E-08	8.743421E-07
2.094395E+00	2.259402E+00	1.603285E+00	1.172269E-01	7.792753E-08	8.771607E-07
2.115339E+00	2.349301E+00	1.625305E+00	1.236668E-01	7.733717E-08	8.826499E-07
2.136283E+00	2.339777E+00	1.625907E+00	1.237768E-01	7.697733E-08	8.825234E-07
2.157227E+00	2.483932E+00	1.643607E+00	1.145267E-01	7.753990E-08	8.875807E-07
2.178171E+00	2.510218E+00	1.650543E+00	8.872957E-02	7.828962E-08	8.913886E-07
2.199115E+00	2.579152E+00	1.678076E+00	1.278622E-01	7.853287E-08	8.882657E-07
2.220059E+00	2.608737E+00	1.702403E+00	1.422900E-01	7.794801E-08	8.843042E-07
2.241003E+00	2.772173E+00	1.707325E+00	1.428100E-01	7.784612E-08	8.937991E-07
2.261947E+00	2.844478E+00	1.720650E+00	1.351106E-01	7.787706E-08	8.897769E-07
2.282891E+00	2.995842E+00	1.748866E+00	1.317358E-01	7.820542E-08	8.878748E-07
2.303835E+00	3.136142E+00	1.757490E+00	1.463230E-01	7.808943E-08	9.041252E-07
2.324779E+00	3.235773E+00	1.805727E+00	1.427132E-01	7.835300E-08	8.972210E-07
2.345723E+00	3.287870E+00	1.799861E+00	1.680498E-01	7.786838E-08	8.973159E-07
2.366666E+00	3.515220E+00	1.833409E+00	1.479669E-01	7.839413E-08	8.968762E-07
2.387610E+00	3.707041E+00	1.872738E+00	1.915739E-01	7.891186E-08	9.000655E-07
2.408554E+00	4.004726E+00	1.898505E+00	2.019667E-01	7.883511E-08	9.039606E-07
2.429498E+00	4.426645E+00	1.947335E+00	2.741220E-01	7.848391E-08	9.161563E-07
2.450442E+00	4.522112E+00	1.966904E+00	3.034950E-01	7.898113E-08	9.045734E-07
2.471386E+00	4.641331E+00	1.971647E+00	3.600643E-01	7.967773E-08	9.156829E-07
2.492330E+00	4.907589E+00	1.999408E+00	4.298483E-01	8.033682E-08	9.161908E-07
2.513274E+00	4.972829E+00	2.034341E+00	4.531592E-01	7.988763E-08	9.201979E-07
2.534218E+00	5.215388E+00	2.043814E+00	5.192525E-01	8.060298E-08	9.157502E-07
2.555162E+00	5.389308E+00	2.056694E+00	5.256527E-01	8.060019E-08	9.197057E-07
2.576106E+00	5.484336E+00	2.067331E+00	5.424554E-01	8.146930E-08	9.271901E-07
2.597050E+00	5.686323E+00	2.080147E+00	5.938183E-01	8.202372E-08	9.269430E-07
2.617994E+00	5.711367E+00	2.087979E+00	6.355944E-01	8.232802E-08	9.337132E-07
2.638938E+00	5.976666E+00	2.114029E+00	7.198833E-01	8.239540E-08	9.363760E-07
2.659882E+00	6.130360E+00	2.139232E+00	7.226307E-01	8.328741E-08	9.365294E-07
