4.188790E-02	7.500746E+00	2.298407E+01	0.000000E+00	2.780031E-07	1.243097E-04
6.283185E-02	-7.769355E+00	2.904503E+01	2.028587E-03	5.571523E-07	1.208472E-04
8.377580E-02	5.397795E+00	4.236512E+01	1.660136E-02	7.514978E-07	1.365095E-04
1.047198E-01	-6.058572E+00	5.179123E+01	4.055777E-02	1.144370E-06	1.343975E-04
1.256637E-01	-5.569952E+00	7.518483E+01	1.022945E-02	1.619676E-06	1.293292E-04
1.466077E-01	1.366062E+01	8.377138E+01	1.533845E-02	1.825874E-06	1.373214E-04
1.675516E-01	-5.174805E+00	7.404381E+01	5.648358E-02	2.079292E-06	1.448129E-04
1.884956E-01	-5.352063E+00	8.254541E+01	1.743169E-02	2.308971E-06	1.500475E-04
2.094395E-01	2.179901E+01	7.882787E+01	3.248065E-02	2.739274E-06	1.344028E-04
2.303835E-01	7.498730E+00	8.075089E+01	5.684402E-02	2.764228E-06	1.427915E-04
2.513274E-01	8.734481E+00	7.309435E+01	7.873971E-02	2.934400E-06	1.398266E-04
2.722714E-01	1.664183E+01	7.121412E+01	8.088072E-02	3.232126E-06	1.394021E-04
2.932153E-01	1.464547E+01	7.545554E+01	3.272397E-02	3.512203E-06	1.458341E-04
3.141593E-01	-1.954360E-02	7.459960E+01	9.357870E-02	3.784591E-06	1.366452E-04
3.351032E-01	1.241989E+01	7.484382E+01	1.362349E-02	4.218630E-06	1.401194E-04
3.560472E-01	-2.061954E+00	6.631801E+01	6.601103E-02	4.227622E-06	1.414794E-04
3.769911E-01	3.940828E+00	6.815645E+01	1.715041E-02	4.512820E-06	1.368879E-04
3.979351E-01	1.170237E+01	6.478210E+01	6.083771E-02	4.591398E-06	1.359092E-04
4.188790E-01	7.023266E+00	7.081465E+01	5.430591E-02	4.726462E-06	1.410909E-04
4.398230E-01	5.988576E+00	6.351967E+01	3.285277E-02	4.992361E-06	1.380454E-04
4.607669E-01	2.820397E+00	6.556874E+01	6.347439E-02	5.204527E-06	1.380904E-04
4.817109E-01	8.301938E+00	6.700667E+01	3.531330E-02	5.361627E-06	1.373955E-04
5.026548E-01	3.564589E+00	6.093455E+01	8.068164E-02	5.489783E-06	1.376779E-04
5.235988E-01	9.355856E+00	6.117361E+01	4.879624E-02	5.695181E-06	1.413665E-04
5.445427E-01	2.743842E+00	6.227008E+01	6.527095E-02	5.710389E-06	1.403113E-04
5.654867E-01	1.930201E+00	6.179850E+01	5.619727E-02	5.911971E-06	1.378414E-04
5.864306E-01	1.170390E+01	6.011975E+01	5.452028E-02	5.977935E-06	1.376478E-04
6.073746E-01	1.034130E+01	5.901025E+01	4.546183E-02	6.062085E-06	1.386358E-04
6.283185E-01	9.532333E+00	6.061711E+01	6.370753E-02	6.300391E-06	1.396178E-04
6.492625E-01	1.784328E+00	5.470876E+01	6.176873E-02	6.361248E-06	1.396414E-04
6.702064E-01	7.018011E+00	5.847432E+01	5.576496E-02	6.502277E-06	1.411062E-04
6.911504E-01	6.798551E+00	5.666021E+01	5.138059E-02	6.454560E-06	1.391871E-04
7.120943E-01	2.711145E+00	5.519340E+01	4.517179E-02	6.715020E-06	1.412063E-04
7.330383E-01	9.276310E+00	5.660607E+01	5.598817E-02	6.882231E-06	1.388913E-04
7.539822E-01	4.279404E+00	5.333744E+01	5.224280E-02	6.839891E-06	1.403949E-04
7.749262E-01	8.761171E+00	5.431620E+01	3.328902E-02	6.858952E-06	1.408586E-04
7.958701E-01	3.465420E+00	5.446138E+01	6.914806E-02	7.040701E-06	1.413157E-04
8.168141E-01	7.240194E+00	5.373617E+01	4.794878E-02	7.092000E-06	1.381363E-04
8.377580E-01	1.150855E+01	5.391489E+01	5.255153E-02	7.151187E-06	1.385322E-04
8.587020E-01	1.132477E+01	5.264399E+01	4.300035E-02	7.182017E-06	1.385581E-04
8.796459E-01	8.353671E+00	5.191585E+01	6.716615E-02	7.299764E-06	1.420683E-04
9.005899E-01	1.189320E+01	5.166248E+01	4.834584E-02	7.282895E-06	1.385445E-04
9.215338E-01	1.133697E+01	5.382136E+01	3.675311E-02	7.396311E-06	1.375643E-04
9.424778E-01	7.601693E+00	5.133757E+01	4.696261E-02	7.515309E-06	1.355435E-04
9.634217E-01	1.308848E+01	5.155507E+01	6.542224E-02	7.431128E-06	1.397554E-04
9.843657E-01	1.048212E+01	5.230799E+01	5.738676E-02	7.462024E-06	1.385838E-04
1.005310E+00	1.184769E+01	5.084391E+01	8.160057E-02	7.596846E-06	1.372057E-04
1.026254E+00	8.319593E+00	5.064891E+01	6.102044E-02	7.659051E-06	1.383664E-04
1.047198E+00	1.241992E+01	4.976221E+01	5.728090E-02	7.760007E-06	1.408092E-04
1.068142E+00	7.138449E+00	4.991988E+01	6.163453E-02	7.773087E-06	1.408568E-04
1.089085E+00	1.034484E+01	5.123921E+01	5.416199E-02	7.783624E-06	1.375753E-04
1.110029E+00	1.042172E+01	4.817612E+01	6.000389E-02	7.751644E-06	1.393739E-04
1.130973E+00	8.818666E+00	4.935871E+01	4.255415E-02	7.877274E-06	1.392017E-04
1.151917E+00	1.159752E+01	4.928890E+01	4.203721E-02	7.889897E-06	1.391703E-04
1.172861E+00	9.180453E+00	4.847620E+01	5.550765E-02	7.989001E-06	1.406388E-04
1.193805E+00	1.019482E+01	4.856345E+01	4.403719E-02	8.011742E-06	1.398556E-04
1.214749E+00	9.774022E+00	4.902116E+01	4.122147E-02	7.989479E-06	1.390730E-04
1.235693E+00	1.050404E+01	4.798089E+01	3.832913E-02	8.035849E-06	1.381490E-04
1.256637E+00	1.382191E+01	4.820805E+01	6.495714E-02	7.988629E-06	1.390220E-04
1.277581E+00	6.844785E+00	4.799027E+01	6.709459E-02	8.005543E-06	1.384800E-04
1.298525E+00	1.497858E+01	4.874529E+01	5.540303E-02	7.997626E-06	1.394293E-04
1.319469E+00	1.448680E+01	4.841367E+01	7.956778E-02	8.074421E-06	1.408666E-04
1.340413E+00	1.228091E+01	4.712382E+01	4.485893E-02	8.027365E-06	1.391304E-04
1.361357E+00	1.112644E+01	4.680315E+01	6.321146E-02	8.213851E-06	1.394676E-04
1.382301E+00	1.351033E+01	4.724904E+01	6.507994E-02	8.174091E-06	1.401843E-04
1.403245E+00	1.367834E+01	4.755260E+01	4.175037E-02	8.137919E-06	1.403056E-04
1.424189E+00	1.559624E+01	4.787988E+01	6.596186E-02	8.186064E-06	1.401730E-04
1.445133E+00	1.426932E+01	4.695404E+01	6.150178E-02	8.153565E-06	1.404741E-04
1.466077E+00	9.839154E+00	4.608200E+01	5.681469E-02	8.149690E-06	1.394418E-04
1.487021E+00	1.392018E+01	4.669217E+01	5.136802E-02	8.242438E-06	1.402640E-04
1.507964E+00	1.283195E+01	4.668856E+01	6.536394E-02	8.289163E-06	1.390524E-04
1.528908E+00	1.477140E+01	4.725881E+01	6.105931E-02	8.260814E-06	1.406905E-04
1.549852E+00	1.468772E+01	4.639016E+01	5.930540E-02	8.273200E-06	1.410957E-04
1.570796E+00	1.301700E+01	4.624354E+01	4.192347E-02	8.305956E-06	1.417503E-04
1.591740E+00	1.409055E+01	4.659826E+01	6.087561E-02	8.276134E-06	1.410246E-04
1.612684E+00	1.481131E+01	4.515637E+01	7.828131E-02	8.266427E-06	1.415285E-04
1.633628E+00	1.341533E+01	4.549011E+01	4.809654E-02	8.314719E-06	1.418809E-04
1.654572E+00	1.970959E+01	4.597005E+01	6.536119E-02	8.260697E-06	1.405851E-04
1.675516E+00	1.800701E+01	4.556969E+01	4.860494E-02	8.334235E-06	1.412058E-04
1.696460E+00	1.456509E+01	4.583728E+01	5.425459E-02	8.378672E-06	1.408050E-04
1.717404E+00	1.768410E+01	4.639241E+01	4.859921E-02	8.355688E-06	1.404322E-04
1.738348E+00	1.648490E+01	4.542242E+01	6.983599E-02	8.421243E-06	1.411528E-04
1.759292E+00	1.718751E+01	4.541039E+01	6.190833E-02	8.381873E-06	1.409377E-04
1.780236E+00	1.625321E+01	4.488129E+01	5.825009E-02	8.510099E-06	1.428571E-04
1.801180E+00	1.731772E+01	4.532091E+01	5.138628E-02	8.444461E-06	1.418678E-04
1.822124E+00	1.996250E+01	4.612039E+01	4.472418E-02	8.503751E-06	1.416923E-04
1.843068E+00	1.864354E+01	4.552468E+01	5.966577E-02	8.504821E-06	1.417276E-04
1.864012E+00	2.163200E+01	4.594861E+01	6.903534E-02	8.544374E-06	1.429407E-04
1.884956E+00	2.117951E+01	4.531279E+01	7.862031E-02	8.504464E-06	1.430412E-04
1.905900E+00	1.951029E+01	4.550339E+01	6.366372E-02	8.638081E-06	1.423753E-04
1.926843E+00	2.203050E+01	4.619565E+01	6.960774E-02	8.627328E-06	1.419149E-04
1.947787E+00	1.929523E+01	4.563554E+01	5.055613E-02	8.663877E-06	1.431064E-04
1.968731E+00	1.944814E+01	4.564793E+01	6.028017E-02	8.681084E-06	1.439135E-04
1.989675E+00	2.317898E+01	4.524465E+01	4.798452E-02	8.733488E-06	1.436927E-04
2.010619E+00	2.271300E+01	4.564779E+01	6.978781E-02	8.723099E-06	1.440396E-04
2.031563E+00	2.090662E+01	4.532152E+01	5.332130E-02	8.829851E-06	1.440180E-04
2.052507E+00	2.217542E+01	4.623418E+01	6.849329E-02	8.791714E-06	1.434905E-04
2.073451E+00	2.398506E+01	4.582230E+01	5.981710E-02	8.837621E-06	1.436180E-04
2.094395E+00	2.548487E+01	4.619318E+01	5.836300E-02	8.893980E-06	1.447618E-04
2.115339E+00	2.626282E+01	4.628257E+01	5.616870E-02	8.946235E-06	1.455280E-04
2.136283E+00	2.448537E+01	4.640854E+01	6.852594E-02	8.912447E-06	1.452847E-04
2.157227E+00	2.654858E+01	4.691663E+01	6.132505E-02	8.966058E-06	1.462439E-04
2.178171E+00	2.718235E+01	4.592695E+01	4.676758E-02	9.065903E-06	1.457786E-04
2.199115E+00	3.131970E+01	4.702430E+01	6.261254E-02	9.079519E-06	1.459550E-04
2.220059E+00	3.092170E+01	4.740458E+01	6.459994E-02	9.143598E-06	1.473801E-04
2.241003E+00	3.152848E+01	4.782760E+01	6.816246E-02	9.104344E-06	1.463786E-04
2.261947E+00	3.393242E+01	4.788300E+01	5.670944E-02	9.167745E-06	1.475293E-04
2.282891E+00	3.427969E+01	4.713135E+01	4.149325E-02	9.321459E-06	1.478662E-04
2.303835E+00	3.349844E+01	4.805433E+01	5.830313E-02	9.326960E-06	1.487223E-04
2.324779E+00	3.701268E+01	4.925828E+01	6.816690E-02	9.370505E-06	1.486818E-04
2.345723E+00	3.722751E+01	4.867392E+01	7.006441E-02	9.412175E-06	1.489231E-04
2.366666E+00	4.077961E+01	4.981754E+01	6.872587E-02	9.467487E-06	1.492907E-04
2.387610E+00	4.154705E+01	5.019454E+01	6.310024E-02	9.526732E-06	1.494428E-04
2.408554E+00	4.492885E+01	5.159834E+01	7.214572E-02	9.645368E-06	1.483935E-04
2.429498E+00	8.348299E+01	6.625794E+01	1.058522E-01	9.753181E-06	1.506529E-04
2.450442E+00	8.255915E+01	6.634175E+01	9.393749E-02	9.757178E-06	1.515888E-04
2.471386E+00	8.477133E+01	6.686513E+01	8.866898E-02	9.790193E-06	1.508752E-04
2.492330E+00	8.578393E+01	6.739992E+01	9.380335E-02	9.965198E-06	1.524563E-04
2.513274E+00	8.989960E+01	6.815228E+01	1.031648E-01	9.971674E-06	1.525194E-04
2.534218E+00	9.261417E+01	6.873604E+01	1.010979E-01	1.014071E-05	1.531447E-04
2.555162E+00	9.057640E+01	6.956658E+01	1.072659E-01	1.008717E-05	1.535173E-04
2.576106E+00	9.885862E+01	6.999584E+01	1.059169E-01	1.022915E-05	1.535791E-04
2.597050E+00	9.867194E+01	7.031426E+01	1.155397E-01	1.022505E-05	1.538216E-04
2.617994E+00	1.020451E+02	7.120718E+01	1.393431E-01	1.031447E-05	1.544035E-04
2.638938E+00	1.083275E+02	7.206246E+01	1.104553E-01	1.046604E-05	1.553928E-04
2.659882E+00	1.132263E+02	7.232573E+01	1.305496E-01	1.060064E-05	1.567089E-04
