4.188790E-02	4.701411E+01	1.413604E+02	0.000000E+00	1.523870E-05	1.908386E-02
6.283185E-02	-1.374384E+01	1.084099E+02	3.520403E-03	3.042630E-05	1.853025E-02
8.377580E-02	4.307232E+01	8.763074E+01	2.197400E-03	4.158022E-05	2.087456E-02
1.047198E-01	3.729083E+01	1.162613E+02	1.068060E-01	6.284100E-05	2.063656E-02
1.256637E-01	7.809419E+01	1.654348E+02	3.582507E-02	8.867364E-05	1.975095E-02
1.466077E-01	1.386114E+02	2.307517E+02	2.540321E-02	1.004433E-04	2.116277E-02
1.675516E-01	5.222314E+01	2.309279E+02	2.920716E-02	1.140412E-04	2.213628E-02
1.884956E-01	1.119411E+02	2.791617E+02	2.825739E-02	1.263717E-04	2.289776E-02
2.094395E-01	1.593499E+02	3.528024E+02	9.471614E-02	1.496549E-04	2.053571E-02
2.303835E-01	1.091673E+02	3.650906E+02	5.262888E-02	1.503057E-04	2.180804E-02
2.513274E-01	1.432394E+02	4.215753E+02	4.268933E-02	1.613560E-04	2.126786E-02
2.722714E-01	1.827328E+02	4.648850E+02	4.252591E-02	1.780619E-04	2.165312E-02
2.932153E-01	1.687055E+02	5.043207E+02	1.528443E-02	1.931998E-04	2.242347E-02
3.141593E-01	1.567581E+02	5.024181E+02	5.025507E-02	2.051160E-04	2.103048E-02
3.351032E-01	1.661109E+02	6.408501E+02	1.052404E-01	2.306159E-04	2.188947E-02
3.560472E-01	1.850153E+02	6.022531E+02	7.366094E-02	2.302791E-04	2.170737E-02
3.769911E-01	3.006199E+02	6.980028E+02	3.637285E-02	2.465130E-04	2.120062E-02
3.979351E-01	1.771332E+02	6.987095E+02	3.941928E-02	2.531966E-04	2.084858E-02
4.188790E-01	2.071499E+02	6.819513E+02	5.187542E-02	2.573933E-04	2.145465E-02
4.398230E-01	2.598090E+02	7.370971E+02	3.149159E-02	2.716992E-04	2.115826E-02
4.607669E-01	2.332346E+02	8.000520E+02	5.301946E-02	2.897793E-04	2.105715E-02
4.817109E-01	3.118142E+02	8.193221E+02	5.594765E-02	2.993272E-04	2.118961E-02
5.026548E-01	2.277142E+02	8.027614E+02	4.625210E-02	3.002826E-04	2.126235E-02
5.235988E-01	4.034139E+02	8.954739E+02	5.189682E-02	3.177808E-04	2.171509E-02
5.445427E-01	2.076567E+02	8.417749E+02	5.753769E-02	3.149697E-04	2.138710E-02
5.654867E-01	2.611438E+02	9.148596E+02	6.089313E-02	3.282920E-04	2.107845E-02
5.864306E-01	2.569902E+02	9.208795E+02	5.677106E-02	3.342344E-04	2.093624E-02
6.073746E-01	3.536939E+02	9.207855E+02	4.543921E-02	3.383320E-04	2.117096E-02
6.283185E-01	2.645920E+02	9.970991E+02	5.787853E-02	3.572791E-04	2.165821E-02
6.492625E-01	4.258658E+02	9.882453E+02	5.479423E-02	3.578457E-04	2.146515E-02
6.702064E-01	3.220138E+02	1.038450E+03	5.215313E-02	3.694069E-04	2.187683E-02
6.911504E-01	2.970187E+02	1.000222E+03	5.773848E-02	3.644945E-04	2.130440E-02
7.120943E-01	4.185823E+02	1.055779E+03	4.946552E-02	3.842682E-04	2.168663E-02
7.330383E-01	4.123286E+02	1.121657E+03	4.020831E-02	3.962134E-04	2.147537E-02
7.539822E-01	3.686141E+02	1.081321E+03	5.197729E-02	3.981404E-04	2.141959E-02
7.749262E-01	4.195352E+02	1.124939E+03	4.216582E-02	4.022573E-04	2.136202E-02
7.958701E-01	4.208635E+02	1.115243E+03	6.347218E-02	4.153382E-04	2.153999E-02
8.168141E-01	3.838402E+02	1.106488E+03	6.017020E-02	4.153246E-04	2.099670E-02
8.377580E-01	4.823099E+02	1.181212E+03	5.338920E-02	4.262255E-04	2.133086E-02
8.587020E-01	3.739129E+02	1.139244E+03	5.035155E-02	4.295938E-04	2.127160E-02
8.796459E-01	3.849847E+02	1.190302E+03	3.932129E-02	4.510506E-04	2.149050E-02
9.005899E-01	4.533924E+02	1.241473E+03	4.965320E-02	4.500366E-04	2.172129E-02
9.215338E-01	4.161374E+02	1.220884E+03	5.720717E-02	4.579202E-04	2.129352E-02
9.424778E-01	6.123458E+02	1.282998E+03	6.752004E-02	4.669209E-04	2.140523E-02
9.634217E-01	5.577750E+02	1.288823E+03	6.592353E-02	4.700698E-04	2.163242E-02
9.843657E-01	6.629537E+02	1.293761E+03	6.276284E-02	4.760255E-04	2.125852E-02
1.005310E+00	5.909455E+02	1.319286E+03	6.796013E-02	4.956364E-04	2.111799E-02
1.026254E+00	5.798795E+02	1.342344E+03	3.538581E-02	5.036231E-04	2.124091E-02
1.047198E+00	6.712383E+02	1.394562E+03	6.854633E-02	5.123561E-04	2.158890E-02
1.068142E+00	6.455123E+02	1.384524E+03	6.986593E-02	5.159684E-04	2.169904E-02
1.089085E+00	6.715193E+02	1.410245E+03	6.648277E-02	5.199034E-04	2.159395E-02
1.110029E+00	7.545816E+02	1.410523E+03	6.090289E-02	5.239003E-04	2.163090E-02
1.130973E+00	7.617554E+02	1.458748E+03	8.959842E-02	5.375238E-04	2.174355E-02
1.151917E+00	7.900722E+02	1.451134E+03	7.067811E-02	5.444338E-04	2.174209E-02
1.172861E+00	8.384667E+02	1.487691E+03	8.326360E-02	5.573103E-04	2.183491E-02
1.193805E+00	8.306819E+02	1.460073E+03	7.696190E-02	5.611698E-04	2.145623E-02
1.214749E+00	8.623245E+02	1.491970E+03	9.704248E-02	5.700579E-04	2.147754E-02
1.235693E+00	8.622233E+02	1.466384E+03	8.112757E-02	5.737567E-04	2.128880E-02
1.256637E+00	9.254555E+02	1.510858E+03	7.782931E-02	5.825402E-04	2.171798E-02
1.277581E+00	9.302296E+02	1.519732E+03	9.512201E-02	5.909132E-04	2.168462E-02
1.298525E+00	1.027766E+03	1.525069E+03	9.393919E-02	5.960949E-04	2.157192E-02
1.319469E+00	1.004857E+03	1.546226E+03	9.458307E-02	6.055127E-04	2.186978E-02
1.340413E+00	1.078956E+03	1.548549E+03	7.401229E-02	6.111365E-04	2.168175E-02
1.361357E+00	1.127433E+03	1.570762E+03	8.632875E-02	6.291488E-04	2.176626E-02
1.382301E+00	1.088000E+03	1.579464E+03	1.056332E-01	6.319516E-04	2.166929E-02
1.403245E+00	1.129761E+03	1.598506E+03	1.085308E-01	6.287880E-04	2.187696E-02
1.424189E+00	1.237002E+03	1.623566E+03	1.147309E-01	6.455913E-04	2.200940E-02
1.445133E+00	1.180929E+03	1.612336E+03	1.024980E-01	6.489314E-04	2.201070E-02
1.466077E+00	1.266644E+03	1.621665E+03	8.925017E-02	6.552269E-04	2.202792E-02
1.487021E+00	1.306224E+03	1.606833E+03	8.898493E-02	6.647120E-04	2.203345E-02
1.507964E+00	1.380507E+03	1.638156E+03	1.108873E-01	6.707811E-04	2.229848E-02
1.528908E+00	1.364094E+03	1.638715E+03	1.071024E-01	6.803912E-04	2.211677E-02
1.549852E+00	1.432559E+03	1.662121E+03	1.283253E-01	6.901741E-04	2.228725E-02
1.570796E+00	1.455610E+03	1.661916E+03	1.169810E-01	6.912696E-04	2.225627E-02
1.591740E+00	1.492580E+03	1.666035E+03	1.301513E-01	7.005632E-04	2.237670E-02
1.612684E+00	1.510257E+03	1.674996E+03	1.378736E-01	7.046790E-04	2.244567E-02
1.633628E+00	1.543581E+03	1.666260E+03	1.331010E-01	7.092165E-04	2.231586E-02
1.654572E+00	1.531556E+03	1.705418E+03	1.480094E-01	7.203132E-04	2.254885E-02
1.675516E+00	1.555484E+03	1.677653E+03	1.422851E-01	7.238516E-04	2.267272E-02
1.696460E+00	1.572404E+03	1.689723E+03	1.455896E-01	7.267582E-04	2.252912E-02
1.717404E+00	1.676052E+03	1.677865E+03	1.279080E-01	7.320211E-04	2.255435E-02
1.738348E+00	1.550568E+03	1.670736E+03	1.377811E-01	7.382142E-04	2.259425E-02
1.759292E+00	1.672859E+03	1.673328E+03	1.422622E-01	7.440761E-04	2.260369E-02
1.780236E+00	1.764120E+03	1.695960E+03	1.448362E-01	7.587599E-04	2.266265E-02
1.801180E+00	1.782201E+03	1.674710E+03	1.540886E-01	7.544026E-04	2.258127E-02
1.822124E+00	1.759218E+03	1.669108E+03	1.529009E-01	7.627490E-04	2.277737E-02
1.843068E+00	1.732172E+03	1.700782E+03	1.458244E-01	7.677570E-04	2.302534E-02
1.864012E+00	1.712428E+03	1.656054E+03	1.477030E-01	7.707260E-04	2.281856E-02
1.884956E+00	1.836988E+03	1.672166E+03	1.663600E-01	7.840381E-04	2.301996E-02
1.905900E+00	1.888614E+03	1.679101E+03	1.607774E-01	7.917507E-04	2.319662E-02
1.926843E+00	1.823815E+03	1.668594E+03	1.687726E-01	7.900005E-04	2.294538E-02
1.947787E+00	1.860130E+03	1.676153E+03	1.622942E-01	7.904732E-04	2.334549E-02
1.968731E+00	1.966968E+03	1.689042E+03	1.512085E-01	8.038464E-04	2.340955E-02
1.989675E+00	1.950290E+03	1.643462E+03	1.705105E-01	8.059112E-04	2.317396E-02
2.010619E+00	1.885267E+03	1.654673E+03	1.516053E-01	8.126369E-04	2.313887E-02
2.031563E+00	1.958490E+03	1.665891E+03	1.448038E-01	8.147708E-04	2.353406E-02
2.052507E+00	2.067368E+03	1.655075E+03	1.597641E-01	8.204879E-04	2.328499E-02
2.073451E+00	2.064455E+03	1.659616E+03	1.642385E-01	8.268759E-04	2.349060E-02
2.094395E+00	2.067550E+03	1.647459E+03	1.593020E-01	8.350416E-04	2.354554E-02
2.115339E+00	2.053389E+03	1.645888E+03	1.463939E-01	8.377727E-04	2.352520E-02
2.136283E+00	1.951668E+03	1.652254E+03	1.473026E-01	8.401303E-04	2.372063E-02
2.157227E+00	2.049603E+03	1.646469E+03	1.536696E-01	8.540964E-04	2.342886E-02
2.178171E+00	2.100326E+03	1.646453E+03	1.447540E-01	8.577347E-04	2.379520E-02
2.199115E+00	2.144935E+03	1.640953E+03	1.343794E-01	8.575957E-04	2.394493E-02
2.220059E+00	2.161168E+03	1.631589E+03	1.276758E-01	8.682937E-04	2.383001E-02
2.241003E+00	2.079225E+03	1.619750E+03	1.566692E-01	8.642917E-04	2.398935E-02
2.261947E+00	2.208304E+03	1.615941E+03	1.505582E-01	8.757672E-04	2.403579E-02
2.282891E+00	2.320287E+03	1.621525E+03	1.555361E-01	8.824340E-04	2.405803E-02
2.303835E+00	2.136484E+03	1.588491E+03	1.353401E-01	8.840507E-04	2.409542E-02
2.324779E+00	2.194024E+03	1.618020E+03	1.385967E-01	9.004785E-04	2.422684E-02
2.345723E+00	2.310656E+03	1.599888E+03	1.277967E-01	8.995205E-04	2.415947E-02
2.366666E+00	2.286332E+03	1.583590E+03	1.556077E-01	9.096056E-04	2.423919E-02
2.387610E+00	2.416291E+03	1.598009E+03	1.449330E-01	9.178597E-04	2.442972E-02
2.408554E+00	2.397650E+03	1.600313E+03	1.382943E-01	9.221899E-04	2.436603E-02
2.429498E+00	2.782875E+03	1.761078E+03	1.484919E-01	9.293096E-04	2.454607E-02
2.450442E+00	2.734545E+03	1.741681E+03	1.427585E-01	9.345500E-04	2.438622E-02
2.471386E+00	2.877609E+03	1.748622E+03	1.315015E-01	9.415637E-04	2.444278E-02
2.492330E+00	2.809206E+03	1.732270E+03	1.479537E-01	9.470225E-04	2.461894E-02
2.513274E+00	2.886444E+03	1.757187E+03	1.767692E-01	9.522181E-04	2.469906E-02
2.534218E+00	2.941997E+03	1.745692E+03	1.554229E-01	9.688999E-04	2.489847E-02
2.555162E+00	2.925628E+03	1.707635E+03	1.456360E-01	9.621004E-04	2.468094E-02
2.576106E+00	2.935081E+03	1.748414E+03	1.572373E-01	9.784766E-04	2.507441E-02
2.597050E+00	3.092218E+03	1.738800E+03	1.599540E-01	9.823650E-04	2.515926E-02
2.617994E+00	3.035022E+03	1.729936E+03	1.456565E-01	9.970709E-04	2.474887E-02
2.638938E+00	3.083718E+03	1.745524E+03	1.363765E-01	1.001972E-03	2.522571E-02
2.659882E+00	3.226208E+03	1.761941E+03	1.565661E-01	1.013191E-03	2.555535E-02
