4.188790E-02	1.679227E+00	4.134377E+00	0.000000E+00	3.150781E-09	1.296996E-05
6.283185E-02	-2.328997E+00	7.840542E+00	1.388970E-02	6.292856E-09	1.250836E-05
8.377580E-02	4.635250E-01	1.221052E+01	1.219972E-02	8.644793E-09	1.412504E-05
1.047198E-01	-1.251791E+00	1.717297E+01	8.421281E-03	1.309275E-08	1.389941E-05
1.256637E-01	2.451624E+00	2.100680E+01	2.811654E-02	1.840759E-08	1.324028E-05
1.466077E-01	1.709376E+00	2.491134E+01	6.846532E-02	2.099280E-08	1.434473E-05
1.675516E-01	1.196058E+00	2.933168E+01	1.855705E-02	2.390696E-08	1.501239E-05
1.884956E-01	-3.949260E+00	3.049811E+01	4.815761E-02	2.652155E-08	1.541340E-05
2.094395E-01	7.668943E+00	3.472848E+01	6.696898E-02	3.160169E-08	1.395966E-05
2.303835E-01	5.816508E+00	3.527387E+01	1.801994E-02	3.260088E-08	1.465912E-05
2.513274E-01	3.716692E+00	3.683756E+01	1.749098E-01	3.542404E-08	1.398093E-05
2.722714E-01	4.629726E+00	4.032156E+01	1.056473E-01	3.851647E-08	1.441677E-05
2.932153E-01	9.486744E+00	4.555405E+01	4.218520E-02	4.404985E-08	1.479901E-05
3.141593E-01	3.134601E+00	4.298165E+01	8.691332E-02	4.704353E-08	1.419413E-05
3.351032E-01	1.966950E+01	5.505844E+01	4.283026E-02	5.322695E-08	1.467915E-05
3.560472E-01	1.263853E+01	5.032928E+01	9.112317E-02	5.360130E-08	1.471144E-05
3.769911E-01	1.462331E+01	5.456642E+01	2.075006E-02	5.851752E-08	1.464314E-05
3.979351E-01	1.165655E+01	5.496443E+01	4.642525E-02	6.215559E-08	1.422147E-05
4.188790E-01	1.568282E+01	5.757355E+01	5.075786E-02	6.479265E-08	1.494249E-05
4.398230E-01	2.262434E+01	5.797358E+01	4.502350E-02	6.905975E-08	1.420687E-05
4.607669E-01	1.473903E+01	6.124594E+01	3.329066E-02	7.292223E-08	1.446810E-05
4.817109E-01	1.740806E+01	6.300055E+01	4.124255E-02	7.886143E-08	1.459699E-05
5.026548E-01	3.051820E+01	6.718869E+01	5.951799E-02	8.124593E-08	1.437073E-05
5.235988E-01	3.180286E+01	7.351610E+01	4.681959E-02	8.652998E-08	1.539420E-05
5.445427E-01	2.946150E+01	7.043819E+01	5.690499E-02	8.907956E-08	1.465962E-05
5.654867E-01	3.128935E+01	7.204364E+01	4.918854E-02	9.440178E-08	1.468465E-05
5.864306E-01	3.483411E+01	7.660713E+01	6.072098E-02	9.793932E-08	1.473387E-05
6.073746E-01	3.806711E+01	7.644863E+01	1.033841E-01	1.035983E-07	1.448324E-05
6.283185E-01	4.236683E+01	7.942189E+01	1.025525E-01	1.060497E-07	1.475828E-05
6.492625E-01	4.158839E+01	8.032123E+01	8.859148E-02	1.100430E-07	1.461194E-05
6.702064E-01	4.392674E+01	8.176950E+01	6.757625E-02	1.132917E-07	1.485647E-05
6.911504E-01	6.395795E+01	8.872274E+01	1.221336E-01	1.208161E-07	1.509576E-05
7.120943E-01	5.905210E+01	8.444271E+01	8.651914E-02	1.219572E-07	1.473309E-05
7.330383E-01	6.517311E+01	8.964495E+01	9.016849E-02	1.289624E-07	1.496423E-05
7.539822E-01	6.058007E+01	8.931441E+01	7.791353E-02	1.320443E-07	1.480917E-05
7.749262E-01	6.629447E+01	8.967389E+01	1.035986E-01	1.341344E-07	1.506485E-05
7.958701E-01	6.787947E+01	9.176037E+01	1.136638E-01	1.393185E-07	1.507637E-05
8.168141E-01	7.269441E+01	9.151540E+01	1.138235E-01	1.432458E-07	1.477459E-05
8.377580E-01	7.302787E+01	9.186982E+01	1.341148E-01	1.475125E-07	1.483166E-05
8.587020E-01	7.647433E+01	9.263592E+01	1.088085E-01	1.517086E-07	1.496737E-05
8.796459E-01	7.667079E+01	9.690286E+01	1.198834E-01	1.548685E-07	1.521068E-05
9.005899E-01	7.943940E+01	9.587378E+01	1.155461E-01	1.606056E-07	1.487334E-05
9.215338E-01	8.572890E+01	9.621611E+01	1.182320E-01	1.624910E-07	1.522380E-05
9.424778E-01	8.528689E+01	9.512768E+01	1.023944E-01	1.643046E-07	1.508120E-05
9.634217E-01	9.039892E+01	9.642379E+01	1.207508E-01	1.684102E-07	1.512659E-05
9.843657E-01	8.434615E+01	9.697731E+01	1.186626E-01	1.732583E-07	1.509081E-05
1.005310E+00	8.859541E+01	9.999201E+01	1.637497E-01	1.782419E-07	1.539311E-05
1.026254E+00	9.811088E+01	9.784921E+01	1.446419E-01	1.819355E-07	1.519121E-05
1.047198E+00	8.755090E+01	9.916273E+01	1.132758E-01	1.847646E-07	1.518234E-05
1.068142E+00	9.686066E+01	9.960264E+01	1.582646E-01	1.868112E-07	1.523290E-05
1.089085E+00	9.288348E+01	9.789445E+01	1.178637E-01	1.895480E-07	1.517969E-05
1.110029E+00	9.477736E+01	9.736307E+01	1.429920E-01	1.917724E-07	1.513287E-05
1.130973E+00	1.030739E+02	9.979821E+01	1.393915E-01	1.970518E-07	1.541895E-05
1.151917E+00	1.071963E+02	9.937965E+01	1.481580E-01	2.011059E-07	1.533035E-05
1.172861E+00	1.051466E+02	1.013548E+02	1.411125E-01	2.045489E-07	1.548571E-05
1.193805E+00	1.031909E+02	1.003466E+02	1.527172E-01	2.063065E-07	1.547227E-05
1.214749E+00	1.073929E+02	9.906165E+01	1.360273E-01	2.102837E-07	1.537264E-05
1.235693E+00	9.943302E+01	9.834203E+01	1.458029E-01	2.164200E-07	1.525171E-05
1.256637E+00	1.023307E+02	9.752024E+01	1.574706E-01	2.141190E-07	1.530971E-05
1.277581E+00	9.872846E+01	9.714001E+01	1.331476E-01	2.155922E-07	1.540245E-05
1.298525E+00	1.101354E+02	9.637206E+01	1.496260E-01	2.194835E-07	1.541318E-05
1.319469E+00	1.078796E+02	9.902880E+01	1.298837E-01	2.246601E-07	1.565807E-05
1.340413E+00	1.051292E+02	9.644123E+01	1.468426E-01	2.265210E-07	1.538560E-05
1.361357E+00	1.097502E+02	9.653583E+01	1.441191E-01	2.299642E-07	1.549059E-05
1.382301E+00	1.099908E+02	9.590407E+01	1.337355E-01	2.314853E-07	1.550710E-05
1.403245E+00	1.075757E+02	9.595043E+01	1.367836E-01	2.330738E-07	1.551380E-05
1.424189E+00	1.040109E+02	9.387575E+01	1.232759E-01	2.354136E-07	1.556035E-05
1.445133E+00	1.028632E+02	9.324421E+01	1.379913E-01	2.388042E-07	1.547251E-05
1.466077E+00	1.087681E+02	9.319485E+01	1.349184E-01	2.422087E-07	1.554893E-05
1.487021E+00	1.099192E+02	9.256336E+01	1.327045E-01	2.425792E-07	1.571778E-05
1.507964E+00	1.010087E+02	9.160608E+01	1.423850E-01	2.474099E-07	1.555129E-05
1.528908E+00	1.051729E+02	9.177998E+01	1.449282E-01	2.468275E-07	1.560938E-05
1.549852E+00	1.056521E+02	9.164231E+01	1.169119E-01	2.525973E-07	1.559338E-05
1.570796E+00	1.035786E+02	8.984396E+01	1.288148E-01	2.543920E-07	1.550450E-05
1.591740E+00	1.030378E+02	8.790523E+01	1.248181E-01	2.547171E-07	1.549352E-05
1.612684E+00	9.879388E+01	8.848800E+01	1.262259E-01	2.569656E-07	1.555754E-05
1.633628E+00	1.040639E+02	8.763758E+01	1.165128E-01	2.606756E-07	1.554110E-05
1.654572E+00	1.032604E+02	8.700978E+01	1.274561E-01	2.622886E-07	1.561355E-05
1.675516E+00	1.030536E+02	8.639553E+01	1.278388E-01	2.637848E-07	1.564344E-05
1.696460E+00	9.952610E+01	8.584998E+01	1.393065E-01	2.662737E-07	1.566974E-05
1.717404E+00	1.070294E+02	8.557871E+01	1.269047E-01	2.713465E-07	1.557819E-05
1.738348E+00	1.044200E+02	8.317220E+01	1.439670E-01	2.708203E-07	1.553258E-05
1.759292E+00	1.057580E+02	8.327489E+01	1.382931E-01	2.723726E-07	1.567051E-05
1.780236E+00	9.903652E+01	8.238777E+01	9.004810E-02	2.742602E-07	1.551165E-05
1.801180E+00	1.003855E+02	8.255317E+01	1.064558E-01	2.771495E-07	1.564193E-05
1.822124E+00	9.795215E+01	8.146786E+01	1.027619E-01	2.791549E-07	1.571061E-05
1.843068E+00	1.024689E+02	8.049784E+01	1.155171E-01	2.820424E-07	1.556990E-05
1.864012E+00	1.036438E+02	7.902226E+01	1.193296E-01	2.839167E-07	1.568087E-05
1.884956E+00	1.028778E+02	7.888074E+01	9.449339E-02	2.861335E-07	1.568701E-05
1.905900E+00	9.842884E+01	7.812276E+01	1.024920E-01	2.889761E-07	1.573162E-05
1.926843E+00	9.570718E+01	7.811296E+01	9.170557E-02	2.884494E-07	1.587413E-05
1.947787E+00	9.555640E+01	7.724522E+01	8.385404E-02	2.904149E-07	1.580943E-05
1.968731E+00	9.984286E+01	7.621088E+01	9.449377E-02	2.937934E-07	1.575954E-05
1.989675E+00	9.729204E+01	7.608061E+01	9.584443E-02	2.985141E-07	1.577705E-05
2.010619E+00	9.312438E+01	7.446192E+01	8.214389E-02	2.985898E-07	1.559047E-05
2.031563E+00	9.482859E+01	7.515879E+01	7.913086E-02	3.027305E-07	1.572896E-05
2.052507E+00	9.656213E+01	7.374771E+01	8.079602E-02	3.043404E-07	1.566013E-05
2.073451E+00	9.547579E+01	7.334468E+01	9.037076E-02	3.082976E-07	1.573879E-05
2.094395E+00	9.922781E+01	7.333544E+01	7.556688E-02	3.105967E-07	1.584195E-05
2.115339E+00	1.006473E+02	7.259389E+01	9.832658E-02	3.132320E-07	1.588923E-05
2.136283E+00	9.966716E+01	7.197800E+01	9.284360E-02	3.148161E-07	1.593991E-05
2.157227E+00	9.707750E+01	7.111807E+01	8.949866E-02	3.162073E-07	1.578557E-05
2.178171E+00	1.022789E+02	7.102435E+01	9.057618E-02	3.217891E-07	1.595113E-05
2.199115E+00	9.806441E+01	7.067883E+01	7.975293E-02	3.224993E-07	1.601422E-05
2.220059E+00	9.739735E+01	6.889386E+01	5.982223E-02	3.244743E-07	1.591109E-05
2.241003E+00	9.733601E+01	6.866022E+01	6.974568E-02	3.267834E-07	1.579726E-05
2.261947E+00	1.001912E+02	6.886329E+01	7.472501E-02	3.305469E-07	1.591913E-05
2.282891E+00	9.902235E+01	6.850273E+01	8.165583E-02	3.356091E-07	1.589473E-05
2.303835E+00	1.030291E+02	6.911591E+01	8.316276E-02	3.402018E-07	1.602756E-05
2.324779E+00	1.038000E+02	6.786385E+01	7.031308E-02	3.423056E-07	1.585057E-05
2.345723E+00	1.035452E+02	6.712381E+01	7.604654E-02	3.421504E-07	1.601563E-05
2.366666E+00	1.044741E+02	6.683624E+01	7.661006E-02	3.458099E-07	1.602916E-05
2.387610E+00	1.032821E+02	6.673737E+01	8.400103E-02	3.501729E-07	1.602870E-05
2.408554E+00	1.061619E+02	6.582590E+01	6.425336E-02	3.523808E-07	1.595682E-05
2.429498E+00	1.074040E+02	6.599412E+01	7.118948E-02	3.569758E-07	1.603897E-05
2.450442E+00	1.087485E+02	6.540571E+01	7.812109E-02	3.600795E-07	1.597170E-05
2.471386E+00	1.100428E+02	6.579691E+01	1.020201E-01	3.621474E-07	1.617100E-05
2.492330E+00	1.125690E+02	6.516829E+01	7.880649E-02	3.691391E-07	1.611755E-05
2.513274E+00	1.102786E+02	6.509393E+01	6.588170E-02	3.700839E-07	1.615020E-05
2.534218E+00	1.162916E+02	6.508174E+01	9.505464E-02	3.752150E-07	1.616458E-05
2.555162E+00	1.162471E+02	6.439839E+01	9.676932E-02	3.789644E-07	1.611039E-05
2.576106E+00	1.191606E+02	6.515046E+01	9.089277E-02	3.835551E-07	1.626183E-05
2.597050E+00	1.208372E+02	6.432231E+01	1.256236E-01	3.861615E-07	1.618038E-05
2.617994E+00	1.231251E+02	6.489700E+01	1.010703E-01	3.903131E-07	1.622996E-05
2.638938E+00	1.281009E+02	6.504801E+01	1.217662E-01	3.963947E-07	1.633467E-05
2.659882E+00	1.306704E+02	6.447105E+01	1.090019E-01	3.995951E-07	1.634134E-05
