4.188790E-02	1.967046E+00	4.842191E+00	0.000000E+00	2.600721E-09	7.800396E-06
6.283185E-02	-2.700338E+00	9.245992E+00	1.596043E-02	5.205311E-09	7.535863E-06
8.377580E-02	4.164523E-01	1.433279E+01	1.127300E-02	7.127634E-09	8.520299E-06
1.047198E-01	-1.476108E+00	2.008174E+01	8.270347E-03	1.074267E-08	8.410050E-06
1.256637E-01	2.324145E+00	2.447562E+01	2.817186E-02	1.517434E-08	8.012024E-06
1.466077E-01	1.929101E+00	2.891863E+01	6.334676E-02	1.720310E-08	8.603123E-06
1.675516E-01	6.938927E-01	3.364481E+01	1.983279E-02	1.951454E-08	9.041292E-06
1.884956E-01	-4.286206E+00	3.559716E+01	5.292405E-02	2.171772E-08	9.354018E-06
2.094395E-01	8.171993E+00	3.987145E+01	6.397712E-02	2.575374E-08	8.414438E-06
2.303835E-01	5.897250E+00	3.963066E+01	1.920913E-02	2.598336E-08	8.886656E-06
2.513274E-01	3.644559E+00	4.159703E+01	1.691222E-01	2.828139E-08	8.550759E-06
2.722714E-01	6.784787E+00	4.764465E+01	1.034449E-01	3.098576E-08	8.908567E-06
2.932153E-01	8.964049E+00	5.104678E+01	4.636846E-02	3.440474E-08	9.022947E-06
3.141593E-01	2.701962E+00	4.736635E+01	8.899412E-02	3.653733E-08	8.512821E-06
3.351032E-01	1.697426E+01	6.079623E+01	5.094290E-02	4.125111E-08	8.960469E-06
3.560472E-01	1.301737E+01	5.541302E+01	7.320975E-02	4.149558E-08	8.741542E-06
3.769911E-01	1.379993E+01	5.879338E+01	2.625356E-02	4.498758E-08	8.778513E-06
3.979351E-01	5.791249E+00	5.734305E+01	3.220462E-02	4.725102E-08	8.389120E-06
4.188790E-01	1.279677E+01	5.680847E+01	5.106074E-02	4.773915E-08	8.766430E-06
4.398230E-01	1.406185E+01	6.072022E+01	4.430636E-02	5.136541E-08	8.569799E-06
4.607669E-01	4.978175E+00	6.246603E+01	6.882388E-02	5.427198E-08	8.736839E-06
4.817109E-01	1.041215E+01	6.568210E+01	4.233952E-02	5.802403E-08	8.752126E-06
5.026548E-01	2.042511E+01	6.634664E+01	5.492415E-02	5.913064E-08	8.675560E-06
5.235988E-01	2.686253E+01	7.401302E+01	4.014454E-02	6.378062E-08	8.992688E-06
5.445427E-01	1.750925E+01	6.984974E+01	3.997336E-02	6.406751E-08	8.664798E-06
5.654867E-01	2.022947E+01	7.309560E+01	3.722706E-02	6.777194E-08	8.815160E-06
5.864306E-01	2.797237E+01	7.540417E+01	7.731739E-02	7.081549E-08	8.653545E-06
6.073746E-01	2.312680E+01	7.633300E+01	7.463288E-02	7.248806E-08	8.811126E-06
6.283185E-01	3.124261E+01	8.188788E+01	6.872854E-02	7.691508E-08	8.856756E-06
6.492625E-01	2.924739E+01	7.897702E+01	7.043033E-02	7.807338E-08	8.697278E-06
6.702064E-01	3.291925E+01	8.274383E+01	5.470277E-02	8.187589E-08	8.793421E-06
6.911504E-01	4.837129E+01	8.383595E+01	1.003322E-01	8.336489E-08	8.819740E-06
7.120943E-01	4.595349E+01	8.647588E+01	5.164506E-02	8.779354E-08	8.853204E-06
7.330383E-01	5.016113E+01	9.026628E+01	8.241465E-02	9.237757E-08	8.851014E-06
7.539822E-01	4.239168E+01	8.672604E+01	5.934958E-02	9.358079E-08	8.729007E-06
7.749262E-01	5.345956E+01	9.005820E+01	9.769556E-02	9.546597E-08	9.012598E-06
7.958701E-01	5.711368E+01	9.106210E+01	9.255649E-02	9.916265E-08	8.978413E-06
8.168141E-01	5.457730E+01	9.244787E+01	9.491196E-02	1.021573E-07	8.784265E-06
8.377580E-01	5.546072E+01	9.141283E+01	9.796230E-02	1.052259E-07	8.824164E-06
8.587020E-01	6.720327E+01	9.563469E+01	9.538324E-02	1.088519E-07	8.933826E-06
8.796459E-01	6.192259E+01	9.669178E+01	1.149667E-01	1.107601E-07	9.037235E-06
9.005899E-01	6.514859E+01	9.660193E+01	8.693831E-02	1.155762E-07	8.837040E-06
9.215338E-01	7.954089E+01	9.665314E+01	1.011570E-01	1.171293E-07	8.915639E-06
9.424778E-01	7.017297E+01	9.631439E+01	7.061733E-02	1.182402E-07	8.952988E-06
9.634217E-01	7.396010E+01	9.727613E+01	8.789394E-02	1.211092E-07	8.964834E-06
9.843657E-01	7.877329E+01	9.833426E+01	1.075764E-01	1.243452E-07	8.986029E-06
1.005310E+00	7.684570E+01	9.857080E+01	1.021891E-01	1.275739E-07	8.983214E-06
1.026254E+00	8.445500E+01	9.846646E+01	1.191417E-01	1.292681E-07	9.060790E-06
1.047198E+00	7.831248E+01	1.007309E+02	9.221904E-02	1.348561E-07	8.972980E-06
1.068142E+00	8.895043E+01	1.023802E+02	1.278334E-01	1.355608E-07	9.156993E-06
1.089085E+00	8.818682E+01	9.933287E+01	1.160708E-01	1.382266E-07	9.026832E-06
1.110029E+00	8.976993E+01	9.957968E+01	1.135354E-01	1.389077E-07	9.054439E-06
1.130973E+00	8.876313E+01	1.004978E+02	1.427574E-01	1.421270E-07	9.108785E-06
1.151917E+00	9.573840E+01	1.002752E+02	1.266965E-01	1.427758E-07	9.212699E-06
1.172861E+00	9.577981E+01	1.023339E+02	1.333810E-01	1.478052E-07	9.241476E-06
1.193805E+00	9.825241E+01	1.008953E+02	1.214675E-01	1.490865E-07	9.207540E-06
1.214749E+00	9.353909E+01	9.997852E+01	1.069330E-01	1.516911E-07	9.202570E-06
1.235693E+00	9.346217E+01	9.999678E+01	1.268111E-01	1.550374E-07	9.179113E-06
1.256637E+00	9.411723E+01	9.860081E+01	1.342440E-01	1.553930E-07	9.193320E-06
1.277581E+00	9.144718E+01	9.867891E+01	9.554856E-02	1.552739E-07	9.324983E-06
1.298525E+00	1.049804E+02	9.740510E+01	1.552429E-01	1.587271E-07	9.186284E-06
1.319469E+00	9.494742E+01	9.756693E+01	1.055147E-01	1.612233E-07	9.219009E-06
1.340413E+00	1.000833E+02	9.731321E+01	1.112453E-01	1.636299E-07	9.246647E-06
1.361357E+00	1.049167E+02	9.720986E+01	1.256575E-01	1.664021E-07	9.318935E-06
1.382301E+00	1.113575E+02	9.677627E+01	1.394080E-01	1.668040E-07	9.321504E-06
1.403245E+00	1.043867E+02	9.598191E+01	1.258332E-01	1.686991E-07	9.320835E-06
1.424189E+00	1.059337E+02	9.592835E+01	1.040776E-01	1.716698E-07	9.346250E-06
1.445133E+00	1.021972E+02	9.605281E+01	1.384030E-01	1.725251E-07	9.438411E-06
1.466077E+00	9.980480E+01	9.328439E+01	1.114959E-01	1.731204E-07	9.362902E-06
1.487021E+00	1.096030E+02	9.473433E+01	1.146691E-01	1.768113E-07	9.406939E-06
1.507964E+00	1.007383E+02	9.352657E+01	1.235931E-01	1.779228E-07	9.372729E-06
1.528908E+00	1.074215E+02	9.116098E+01	1.199401E-01	1.787671E-07	9.341285E-06
1.549852E+00	1.045981E+02	9.153898E+01	1.354790E-01	1.799966E-07	9.348506E-06
1.570796E+00	1.019951E+02	8.982399E+01	1.169010E-01	1.811728E-07	9.391515E-06
1.591740E+00	1.052225E+02	8.822202E+01	1.065536E-01	1.827625E-07	9.304652E-06
1.612684E+00	9.855365E+01	8.859670E+01	1.161420E-01	1.837016E-07	9.322166E-06
1.633628E+00	1.012497E+02	8.729115E+01	9.938580E-02	1.861864E-07	9.315075E-06
1.654572E+00	9.897454E+01	8.673659E+01	1.320647E-01	1.863224E-07	9.401696E-06
1.675516E+00	1.036693E+02	8.698191E+01	8.646916E-02	1.902915E-07	9.331011E-06
1.696460E+00	9.999142E+01	8.604915E+01	1.014573E-01	1.909073E-07	9.411184E-06
1.717404E+00	1.018996E+02	8.519427E+01	9.518861E-02	1.922635E-07	9.362082E-06
1.738348E+00	1.046036E+02	8.417142E+01	1.092673E-01	1.940924E-07	9.526514E-06
1.759292E+00	1.022490E+02	8.378028E+01	1.058003E-01	1.947885E-07	9.516582E-06
1.780236E+00	1.003187E+02	8.193223E+01	9.978723E-02	1.956514E-07	9.406978E-06
1.801180E+00	1.016230E+02	8.103001E+01	8.880284E-02	1.975543E-07	9.343900E-06
1.822124E+00	9.737306E+01	8.053519E+01	1.021405E-01	1.988357E-07	9.467010E-06
1.843068E+00	1.012768E+02	7.989640E+01	7.722826E-02	1.994485E-07	9.412283E-06
1.864012E+00	9.350571E+01	7.829976E+01	8.461805E-02	1.997444E-07	9.406637E-06
1.884956E+00	9.869300E+01	7.740766E+01	8.280771E-02	2.018821E-07	9.426269E-06
1.905900E+00	9.705333E+01	7.754908E+01	8.496449E-02	2.039536E-07	9.529046E-06
1.926843E+00	9.421282E+01	7.636181E+01	8.592778E-02	2.046605E-07	9.431790E-06
1.947787E+00	1.010857E+02	7.573235E+01	8.979858E-02	2.055675E-07	9.556528E-06
1.968731E+00	9.945793E+01	7.473094E+01	7.754156E-02	2.063560E-07	9.528983E-06
1.989675E+00	9.735670E+01	7.399805E+01	8.248889E-02	2.091554E-07	9.523290E-06
2.010619E+00	9.551385E+01	7.272441E+01	6.288296E-02	2.099110E-07	9.528588E-06
2.031563E+00	9.509359E+01	7.254880E+01	6.845173E-02	2.117202E-07	9.470628E-06
2.052507E+00	1.004595E+02	7.286497E+01	6.258608E-02	2.152586E-07	9.570638E-06
2.073451E+00	9.744625E+01	7.179240E+01	6.372871E-02	2.147742E-07	9.614686E-06
2.094395E+00	9.715767E+01	7.153620E+01	7.059663E-02	2.187489E-07	9.569274E-06
2.115339E+00	1.018984E+02	6.973912E+01	8.550230E-02	2.186862E-07	9.522101E-06
2.136283E+00	1.004770E+02	7.008985E+01	6.807384E-02	2.199008E-07	9.682064E-06
2.157227E+00	1.015055E+02	7.019059E+01	7.133174E-02	2.213605E-07	9.735975E-06
2.178171E+00	9.908136E+01	6.812583E+01	7.700185E-02	2.241751E-07	9.582766E-06
2.199115E+00	9.927179E+01	6.783673E+01	5.685496E-02	2.238712E-07	9.609931E-06
2.220059E+00	9.928481E+01	6.703087E+01	6.770212E-02	2.278896E-07	9.550077E-06
2.241003E+00	1.029227E+02	6.677780E+01	6.575618E-02	2.282698E-07	9.589111E-06
2.261947E+00	1.003382E+02	6.658426E+01	7.228896E-02	2.298430E-07	9.704654E-06
2.282891E+00	1.064844E+02	6.585523E+01	6.286615E-02	2.320540E-07	9.671040E-06
2.303835E+00	1.061459E+02	6.540841E+01	5.489594E-02	2.338686E-07	9.651793E-06
2.324779E+00	1.060853E+02	6.576187E+01	8.117801E-02	2.376655E-07	9.733763E-06
2.345723E+00	1.109014E+02	6.512700E+01	8.951638E-02	2.384918E-07	9.720047E-06
2.366666E+00	1.072750E+02	6.468744E+01	6.751873E-02	2.384380E-07	9.758187E-06
2.387610E+00	1.088505E+02	6.395048E+01	5.551039E-02	2.432319E-07	9.758381E-06
2.408554E+00	1.096812E+02	6.335044E+01	5.936758E-02	2.436997E-07	9.697296E-06
2.429498E+00	1.126743E+02	6.366006E+01	7.189300E-02	2.466910E-07	9.816421E-06
2.450442E+00	1.144809E+02	6.362276E+01	7.046413E-02	2.498235E-07	9.818450E-06
2.471386E+00	1.128630E+02	6.286007E+01	7.539211E-02	2.513470E-07	9.820802E-06
2.492330E+00	1.168867E+02	6.350532E+01	8.122212E-02	2.541208E-07	9.837820E-06
2.513274E+00	1.173773E+02	6.268510E+01	9.196118E-02	2.554341E-07	9.821128E-06
2.534218E+00	1.210807E+02	6.194316E+01	9.436376E-02	2.576532E-07	9.823978E-06
2.555162E+00	1.235211E+02	6.221535E+01	7.957033E-02	2.601393E-07	9.904010E-06
2.576106E+00	1.239370E+02	6.153865E+01	9.909730E-02	2.624693E-07	9.860923E-06
2.597050E+00	1.304072E+02	6.185829E+01	1.098453E-01	2.671574E-07	9.866295E-06
2.617994E+00	1.315584E+02	6.217358E+01	1.315613E-01	2.683618E-07	9.982854E-06
2.638938E+00	1.337762E+02	6.155393E+01	1.232831E-01	2.710361E-07	9.983453E-06
2.659882E+00	1.369176E+02	6.161597E+01	1.100653E-01	2.749387E-07	9.958819E-06
