  zrl	     Tb_mean	      Tb_dev	      Tb_rms	    Skewness	    Kurtosis
 6.00	1.329442e-02	2.634246e-01	1.043545e-01	1.456665e+01	3.428306e+02
 6.14	3.456109e-02	4.377035e-01	2.891695e-01	9.242090e+00	1.382186e+02
 6.28	7.663660e-02	6.692770e-01	6.807121e-01	6.320461e+00	6.502295e+01
 6.43	1.530984e-01	9.699247e-01	1.446299e+00	4.526996e+00	3.371639e+01
 6.58	2.605772e-01	1.292681e+00	2.608398e+00	3.492653e+00	2.039607e+01
 6.73	4.120324e-01	1.653411e+00	4.355315e+00	2.771906e+00	1.315925e+01
 6.88	6.230041e-01	2.059893e+00	6.946948e+00	2.225983e+00	8.791767e+00
 7.04	8.972778e-01	2.493244e+00	1.053207e+01	1.808756e+00	6.100915e+00
 7.20	1.244057e+00	2.944939e+00	1.533053e+01	1.474201e+00	4.348104e+00
 7.37	1.663598e+00	3.398578e+00	2.147686e+01	1.201456e+00	3.186948e+00
 7.53	2.158269e+00	3.840585e+00	2.911235e+01	9.714462e-01	2.396382e+00
 7.70	2.719054e+00	4.254763e+00	3.824441e+01	7.750385e-01	1.857496e+00
 7.88	3.331586e+00	4.625071e+00	4.873615e+01	6.051373e-01	1.494034e+00
 8.06	3.987022e+00	4.939948e+00	6.044916e+01	4.538215e-01	1.252671e+00
 8.24	4.668478e+00	5.189408e+00	7.308699e+01	3.171699e-01	1.102801e+00
 8.42	5.349421e+00	5.367858e+00	8.614532e+01	1.946736e-01	1.025923e+00
 8.61	6.021546e+00	5.476786e+00	9.938131e+01	8.216613e-02	1.005079e+00
 8.80	6.656364e+00	5.513789e+00	1.120636e+02	-1.947157e-02	1.031859e+00
 9.00	7.236700e+00	5.483694e+00	1.236611e+02	-1.111106e-01	1.097062e+00
 9.20	7.738815e+00	5.393379e+00	1.334667e+02	-1.909579e-01	1.192770e+00
 9.40	8.144299e+00	5.246613e+00	1.407848e+02	-2.583853e-01	1.311629e+00
 9.61	8.432600e+00	5.050503e+00	1.449245e+02	-3.111341e-01	1.444793e+00
 9.82	8.581835e+00	4.809975e+00	1.451756e+02	-3.450966e-01	1.582953e+00
10.04	8.569607e+00	4.530764e+00	1.409490e+02	-3.550538e-01	1.714115e+00
10.26	8.353574e+00	4.217141e+00	1.313497e+02	-3.289693e-01	1.822537e+00
10.49	7.927439e+00	3.891390e+00	1.169808e+02	-2.530230e-01	1.893541e+00
10.71	7.244821e+00	3.574111e+00	9.789260e+01	-1.063295e-01	1.920180e+00
10.95	6.247391e+00	3.298466e+00	7.486473e+01	1.200179e-01	1.943582e+00
11.19	4.890943e+00	3.136967e+00	5.064291e+01	3.700882e-01	2.076198e+00
11.43	3.099395e+00	3.179926e+00	2.957731e+01	4.896286e-01	2.354575e+00
11.68	8.003285e-01	3.509122e+00	1.943170e+01	3.916661e-01	2.515933e+00
11.93	-2.072109e+00	4.150397e+00	3.227915e+01	2.119589e-01	2.430913e+00
12.19	-5.599760e+00	5.089168e+00	8.588550e+01	8.372292e-02	2.289223e+00
12.46	-9.871393e+00	6.300195e+00	2.057055e+02	2.179895e-02	2.217871e+00
12.73	-1.494532e+01	7.751651e+00	4.251766e+02	-1.854250e-03	2.216404e+00
13.00	-2.085329e+01	9.409370e+00	7.850944e+02	-9.729827e-03	2.249810e+00
13.28	-2.765649e+01	1.124602e+01	1.337033e+03	-1.096389e-02	2.293922e+00
13.57	-3.531933e+01	1.320404e+01	2.132704e+03	-1.016699e-02	2.341244e+00
13.86	-4.366111e+01	1.519688e+01	3.205858e+03	-1.133742e-02	2.390493e+00
14.15	-5.247517e+01	1.714500e+01	4.571394e+03	-1.553045e-02	2.435891e+00
14.46	-6.125434e+01	1.885402e+01	6.161353e+03	-2.090379e-02	2.479699e+00
14.77	-7.012900e+01	2.048116e+01	8.006333e+03	-3.383793e-02	2.517938e+00
15.08	-7.834332e+01	2.181661e+01	9.920462e+03	-5.221088e-02	2.550607e+00
15.40	-8.565444e+01	2.287525e+01	1.178994e+04	-7.606412e-02	2.576066e+00
15.73	-9.166600e+01	2.363214e+01	1.344170e+04	-1.038936e-01	2.591917e+00
16.07	-9.597929e+01	2.407851e+01	1.468770e+04	-1.351859e-01	2.601363e+00
16.41	-9.836368e+01	2.423944e+01	1.539444e+04	-1.692734e-01	2.604513e+00
16.76	-9.878697e+01	2.413740e+01	1.551222e+04	-2.065814e-01	2.607889e+00
17.11	-9.711272e+01	2.376301e+01	1.499334e+04	-2.468869e-01	2.619169e+00
17.47	-9.357954e+01	2.315419e+01	1.393987e+04	-2.932415e-01	2.647463e+00
17.84	-8.835677e+01	2.231638e+01	1.245741e+04	-3.495750e-01	2.709244e+00
18.22	-8.171617e+01	2.127327e+01	1.069513e+04	-4.219203e-01	2.832895e+00
18.60	-7.389673e+01	2.002019e+01	8.792303e+03	-5.175216e-01	3.065198e+00
19.00	-6.541061e+01	1.861459e+01	6.937578e+03	-6.436895e-01	3.484212e+00
19.40	-5.662004e+01	1.741927e+01	5.263891e+03	-9.425157e-01	5.256271e+00
19.80	-4.772577e+01	1.569563e+01	3.786154e+03	-1.163645e+00	6.734953e+00
20.22	-3.931810e+01	1.393543e+01	2.610165e+03	-1.456360e+00	9.182910e+00
20.64	-3.102482e+01	1.213472e+01	1.664687e+03	-1.879863e+00	1.359821e+01
21.08	-2.442256e+01	1.043703e+01	1.058090e+03	-2.402071e+00	2.061104e+01
21.52	-1.863673e+01	8.798779e+00	6.371192e+02	-3.140939e+00	3.305053e+01
21.97	-1.407443e+01	7.358804e+00	3.783623e+02	-4.085716e+00	5.327307e+01
22.43	-1.046700e+01	6.096776e+00	2.200931e+02	-5.356305e+00	8.748236e+01
22.90	-7.669935e+00	4.998740e+00	1.257230e+02	-7.063541e+00	1.453534e+02
23.38	-5.622586e+00	4.082705e+00	7.242292e+01	-9.246659e+00	2.393136e+02
23.86	-4.131498e+00	3.316548e+00	4.210315e+01	-1.210477e+01	3.954687e+02
24.36	-3.112952e+00	2.695371e+00	2.543324e+01	-1.559679e+01	6.384955e+02
24.87	-2.439456e+00	2.196845e+00	1.616561e+01	-1.978018e+01	1.008307e+03
25.38	-2.011077e+00	1.789951e+00	1.087253e+01	-2.439090e+01	1.529912e+03
25.91	-1.784566e+00	1.472105e+00	8.027650e+00	-2.904116e+01	2.220512e+03
26.45	-1.695369e+00	1.224927e+00	6.562084e+00	-3.282212e+01	3.014730e+03
27.00	-1.705528e+00	1.040075e+00	5.985873e+00	-3.413109e+01	3.638773e+03
27.56	-1.788036e+00	9.119072e-01	6.042970e+00	-3.173291e+01	3.774476e+03
28.13	-1.924231e+00	8.331276e-01	6.595149e+00	-2.499771e+01	3.063509e+03
28.71	-2.101377e+00	8.000388e-01	7.583768e+00	-1.709134e+01	2.046480e+03
29.31	-2.323127e+00	8.036383e-01	9.064132e+00	-1.023716e+01	1.122612e+03
29.91	-2.560731e+00	8.311086e-01	1.087213e+01	-5.749120e+00	5.193113e+02
30.53	-2.834291e+00	8.790627e-01	1.320893e+01	-3.331268e+00	2.221059e+02
31.16	-3.129935e+00	9.383522e-01	1.601550e+01	-2.152761e+00	9.610911e+01
31.81	-3.457401e+00	1.005288e+00	1.944634e+01	-1.568983e+00	3.996492e+01
32.46	-3.793543e+00	1.075673e+00	2.332206e+01	-1.325140e+00	2.133187e+01
33.13	-4.160934e+00	1.151919e+00	2.796044e+01	-1.196789e+00	1.307352e+01
33.81	-4.547583e+00	1.230947e+00	3.329361e+01	-1.123571e+00	9.370292e+00
34.51	-4.964705e+00	1.314342e+00	3.956369e+01	-1.077932e+00	7.846789e+00
