2.094395E-02	8.241270E-02	8.912897E-02
4.188790E-02	7.802629E-01	8.695761E-01
6.283185E-02	1.926099E+00	2.165361E+00
8.377580E-02	3.493570E+00	4.558986E+00
1.047198E-01	4.162406E+00	5.367960E+00
1.256637E-01	5.509595E+00	6.868847E+00
1.466077E-01	6.514020E+00	8.485047E+00
1.675516E-01	7.874886E+00	1.045681E+01
1.884956E-01	8.193957E+00	1.016435E+01
2.094395E-01	8.838748E+00	1.135143E+01
2.303835E-01	1.064555E+01	1.366066E+01
2.513274E-01	1.139023E+01	1.473798E+01
2.722714E-01	1.264110E+01	1.597497E+01
2.932153E-01	1.341307E+01	1.690405E+01
3.141593E-01	1.457740E+01	1.758319E+01
3.351032E-01	1.506295E+01	1.868823E+01
3.560472E-01	1.633195E+01	2.013779E+01
3.769911E-01	1.730320E+01	2.142889E+01
3.979351E-01	1.787981E+01	2.167648E+01
4.188790E-01	1.928937E+01	2.263028E+01
4.398230E-01	1.990152E+01	2.339105E+01
4.607669E-01	2.111783E+01	2.484310E+01
4.817109E-01	2.190908E+01	2.594651E+01
5.026548E-01	2.244118E+01	2.604575E+01
5.235988E-01	2.298016E+01	2.703979E+01
5.445427E-01	2.363411E+01	2.833874E+01
5.654867E-01	2.515950E+01	2.930776E+01
5.864306E-01	2.535433E+01	2.881153E+01
6.073746E-01	2.533215E+01	2.928892E+01
6.283185E-01	2.751635E+01	3.171872E+01
6.492625E-01	2.755276E+01	3.096857E+01
6.702064E-01	2.796651E+01	3.192856E+01
6.911504E-01	2.807672E+01	3.188978E+01
7.120943E-01	2.987544E+01	3.441539E+01
7.330383E-01	3.002509E+01	3.323419E+01
7.539822E-01	3.025023E+01	3.424682E+01
7.749262E-01	3.115693E+01	3.511093E+01
7.958701E-01	3.165238E+01	3.474679E+01
8.168141E-01	3.190829E+01	3.558844E+01
8.377580E-01	3.246661E+01	3.601040E+01
8.587020E-01	3.309178E+01	3.677834E+01
8.796459E-01	3.415151E+01	3.757707E+01
9.005899E-01	3.440937E+01	3.798824E+01
9.215338E-01	3.454091E+01	3.783324E+01
9.424778E-01	3.489104E+01	3.763767E+01
9.634217E-01	3.527684E+01	3.866935E+01
9.843657E-01	3.559282E+01	3.914127E+01
1.005310E+00	3.630931E+01	3.893122E+01
1.026254E+00	3.676098E+01	3.943553E+01
1.047198E+00	3.763739E+01	4.029765E+01
1.068142E+00	3.698673E+01	3.971144E+01
1.089085E+00	3.729362E+01	4.010892E+01
1.110029E+00	3.767159E+01	4.000133E+01
1.130973E+00	3.874639E+01	4.219559E+01
1.151917E+00	3.861800E+01	4.137005E+01
1.172861E+00	3.942651E+01	4.190796E+01
1.193805E+00	3.915131E+01	4.164845E+01
1.214749E+00	3.967944E+01	4.193316E+01
1.235693E+00	3.985397E+01	4.166159E+01
1.256637E+00	4.021061E+01	4.218757E+01
1.277581E+00	4.022501E+01	4.204486E+01
1.298525E+00	4.072809E+01	4.287702E+01
1.319469E+00	4.159260E+01	4.346445E+01
1.340413E+00	4.108816E+01	4.262978E+01
1.361357E+00	4.173225E+01	4.347274E+01
1.382301E+00	4.149107E+01	4.312881E+01
1.403245E+00	4.179115E+01	4.318370E+01
1.424189E+00	4.217008E+01	4.363992E+01
1.445133E+00	4.209119E+01	4.324150E+01
1.466077E+00	4.216955E+01	4.335962E+01
1.487021E+00	4.255918E+01	4.359913E+01
1.507964E+00	4.289832E+01	4.376253E+01
1.528908E+00	4.277942E+01	4.387484E+01
1.549852E+00	4.294370E+01	4.388118E+01
1.570796E+00	4.283179E+01	4.352141E+01
1.591740E+00	4.320352E+01	4.416948E+01
1.612684E+00	4.328807E+01	4.400117E+01
1.633628E+00	4.299487E+01	4.411301E+01
1.654572E+00	4.342370E+01	4.417933E+01
1.675516E+00	4.336413E+01	4.425375E+01
1.696460E+00	4.347489E+01	4.410983E+01
1.717404E+00	4.347077E+01	4.442377E+01
1.738348E+00	4.378663E+01	4.438652E+01
1.759292E+00	4.345118E+01	4.407832E+01
1.780236E+00	4.374287E+01	4.428635E+01
1.801180E+00	4.369798E+01	4.483617E+01
1.822124E+00	4.382126E+01	4.467703E+01
1.843068E+00	4.406233E+01	4.489969E+01
1.864012E+00	4.400150E+01	4.461072E+01
1.884956E+00	4.388799E+01	4.490631E+01
1.905900E+00	4.395477E+01	4.490492E+01
1.926843E+00	4.387394E+01	4.505464E+01
1.947787E+00	4.386143E+01	4.510117E+01
1.968731E+00	4.382860E+01	4.529058E+01
1.989675E+00	4.386485E+01	4.555527E+01
2.010619E+00	4.390136E+01	4.550651E+01
2.031563E+00	4.424016E+01	4.596199E+01
2.052507E+00	4.380050E+01	4.547635E+01
2.073451E+00	4.407264E+01	4.566715E+01
2.094395E+00	4.401126E+01	4.615767E+01
2.115339E+00	4.386375E+01	4.595918E+01
2.136283E+00	4.407673E+01	4.625685E+01
2.157227E+00	4.371409E+01	4.583068E+01
2.178171E+00	4.391213E+01	4.643767E+01
2.199115E+00	4.393520E+01	4.658370E+01
2.220059E+00	4.385050E+01	4.675796E+01
2.241003E+00	4.415264E+01	4.753425E+01
2.261947E+00	4.379086E+01	4.679476E+01
2.282891E+00	4.384843E+01	4.681589E+01
2.303835E+00	4.396926E+01	4.771837E+01
2.324779E+00	4.409583E+01	4.742161E+01
2.345723E+00	4.411530E+01	4.781556E+01
2.366666E+00	4.427189E+01	4.823417E+01
2.387610E+00	4.453209E+01	4.851599E+01
2.408554E+00	4.521136E+01	4.953079E+01
2.429498E+00	5.204221E+01	5.932944E+01
2.450442E+00	5.261144E+01	5.975288E+01
2.471386E+00	5.302042E+01	6.059448E+01
2.492330E+00	5.358105E+01	6.148839E+01
2.513274E+00	5.371068E+01	6.151991E+01
2.534218E+00	5.418171E+01	6.283694E+01
2.555162E+00	5.405516E+01	6.238879E+01
2.576106E+00	5.448609E+01	6.338765E+01
2.597050E+00	5.459812E+01	6.358762E+01
2.617994E+00	5.497915E+01	6.458104E+01
2.638938E+00	5.552891E+01	6.572403E+01
2.659882E+00	5.555831E+01	6.623461E+01
