2.094395E-02	1.262161E-01	1.162945E-01
4.188790E-02	1.080028E+00	1.106511E+00
6.283185E-02	2.850459E+00	3.004802E+00
8.377580E-02	4.935304E+00	6.294685E+00
1.047198E-01	5.860449E+00	6.927297E+00
1.256637E-01	7.704279E+00	9.016799E+00
1.466077E-01	9.039544E+00	1.082346E+01
1.675516E-01	1.034868E+01	1.314720E+01
1.884956E-01	1.106561E+01	1.275151E+01
2.094395E-01	1.205296E+01	1.449693E+01
2.303835E-01	1.428785E+01	1.772492E+01
2.513274E-01	1.480357E+01	1.853353E+01
2.722714E-01	1.649759E+01	2.023281E+01
2.932153E-01	1.686273E+01	2.169308E+01
3.141593E-01	1.838248E+01	2.226516E+01
3.351032E-01	1.904510E+01	2.301719E+01
3.560472E-01	2.053562E+01	2.510180E+01
3.769911E-01	2.154949E+01	2.624039E+01
3.979351E-01	2.226911E+01	2.672116E+01
4.188790E-01	2.371419E+01	2.821273E+01
4.398230E-01	2.349954E+01	2.742462E+01
4.607669E-01	2.540028E+01	3.033382E+01
4.817109E-01	2.595902E+01	3.124540E+01
5.026548E-01	2.644671E+01	3.068586E+01
5.235988E-01	2.731466E+01	3.252548E+01
5.445427E-01	2.789925E+01	3.357837E+01
5.654867E-01	2.894887E+01	3.440321E+01
5.864306E-01	2.936306E+01	3.433964E+01
6.073746E-01	2.944194E+01	3.442874E+01
6.283185E-01	3.127489E+01	3.675481E+01
6.492625E-01	3.117754E+01	3.646800E+01
6.702064E-01	3.208856E+01	3.777654E+01
6.911504E-01	3.179221E+01	3.778294E+01
7.120943E-01	3.372089E+01	4.052075E+01
7.330383E-01	3.454231E+01	4.050437E+01
7.539822E-01	3.430680E+01	3.922132E+01
7.749262E-01	3.531056E+01	4.095433E+01
7.958701E-01	3.612805E+01	4.116746E+01
8.168141E-01	3.627078E+01	4.218319E+01
8.377580E-01	3.710043E+01	4.286002E+01
8.587020E-01	3.683354E+01	4.239228E+01
8.796459E-01	3.860705E+01	4.476867E+01
9.005899E-01	3.906387E+01	4.479359E+01
9.215338E-01	3.924972E+01	4.429156E+01
9.424778E-01	3.965316E+01	4.421795E+01
9.634217E-01	4.058078E+01	4.698921E+01
9.843657E-01	4.074538E+01	4.598365E+01
1.005310E+00	4.208221E+01	4.794385E+01
1.026254E+00	4.176727E+01	4.662940E+01
1.047198E+00	4.255851E+01	4.721870E+01
1.068142E+00	4.267261E+01	4.794725E+01
1.089085E+00	4.285195E+01	4.725599E+01
1.110029E+00	4.338703E+01	4.849793E+01
1.130973E+00	4.433295E+01	4.963187E+01
1.151917E+00	4.390362E+01	4.838557E+01
1.172861E+00	4.563167E+01	5.023594E+01
1.193805E+00	4.531983E+01	4.943408E+01
1.214749E+00	4.586838E+01	5.047134E+01
1.235693E+00	4.561696E+01	4.998634E+01
1.256637E+00	4.595285E+01	4.980032E+01
1.277581E+00	4.633494E+01	5.011502E+01
1.298525E+00	4.675295E+01	5.071002E+01
1.319469E+00	4.752470E+01	5.116205E+01
1.340413E+00	4.760806E+01	5.152045E+01
1.361357E+00	4.780629E+01	5.112598E+01
1.382301E+00	4.759280E+01	5.092779E+01
1.403245E+00	4.806486E+01	5.096709E+01
1.424189E+00	4.769481E+01	5.056691E+01
1.445133E+00	4.802638E+01	5.057499E+01
1.466077E+00	4.804870E+01	5.048084E+01
1.487021E+00	4.836194E+01	5.109458E+01
1.507964E+00	4.888541E+01	5.113331E+01
1.528908E+00	4.833937E+01	5.093781E+01
1.549852E+00	4.860859E+01	5.096263E+01
1.570796E+00	4.804212E+01	5.083666E+01
1.591740E+00	4.833206E+01	5.068549E+01
1.612684E+00	4.829650E+01	5.038497E+01
1.633628E+00	4.868314E+01	5.076249E+01
1.654572E+00	4.805223E+01	4.997797E+01
1.675516E+00	4.867588E+01	5.073927E+01
1.696460E+00	4.862879E+01	5.034981E+01
1.717404E+00	4.847760E+01	5.033471E+01
1.738348E+00	4.859836E+01	5.024227E+01
1.759292E+00	4.860101E+01	5.074456E+01
1.780236E+00	4.885377E+01	5.061494E+01
1.801180E+00	4.836634E+01	5.025982E+01
1.822124E+00	4.842665E+01	5.047603E+01
1.843068E+00	4.810214E+01	5.020930E+01
1.864012E+00	4.855561E+01	5.026171E+01
1.884956E+00	4.806728E+01	5.017707E+01
1.905900E+00	4.803720E+01	5.010177E+01
1.926843E+00	4.792197E+01	4.978377E+01
1.947787E+00	4.759731E+01	4.967858E+01
1.968731E+00	4.793891E+01	5.048744E+01
1.989675E+00	4.763479E+01	5.006173E+01
2.010619E+00	4.750940E+01	4.971109E+01
2.031563E+00	4.745728E+01	4.990553E+01
2.052507E+00	4.730181E+01	5.000819E+01
2.073451E+00	4.710920E+01	4.983495E+01
2.094395E+00	4.726901E+01	5.016879E+01
2.115339E+00	4.695213E+01	4.964941E+01
2.136283E+00	4.702385E+01	4.998164E+01
2.157227E+00	4.691135E+01	5.015122E+01
2.178171E+00	4.719058E+01	5.066595E+01
2.199115E+00	4.675418E+01	5.022818E+01
2.220059E+00	4.688112E+01	5.078392E+01
2.241003E+00	4.664329E+01	5.007189E+01
2.261947E+00	4.665552E+01	5.054505E+01
2.282891E+00	4.659497E+01	5.091948E+01
2.303835E+00	4.660213E+01	5.137076E+01
2.324779E+00	4.702197E+01	5.195560E+01
2.345723E+00	4.688110E+01	5.189376E+01
2.366666E+00	4.686564E+01	5.227231E+01
2.387610E+00	4.693021E+01	5.243186E+01
2.408554E+00	4.716930E+01	5.237038E+01
2.429498E+00	4.946649E+01	5.606524E+01
2.450442E+00	4.970103E+01	5.603771E+01
2.471386E+00	4.986737E+01	5.675292E+01
2.492330E+00	5.023644E+01	5.774206E+01
2.513274E+00	5.043574E+01	5.868245E+01
2.534218E+00	5.062328E+01	5.844412E+01
2.555162E+00	5.074980E+01	5.901052E+01
2.576106E+00	5.094442E+01	5.961817E+01
2.597050E+00	5.100607E+01	5.991241E+01
2.617994E+00	5.137178E+01	6.076410E+01
2.638938E+00	5.148426E+01	6.175421E+01
2.659882E+00	5.209725E+01	6.222667E+01
