2.094395E-02	1.184581E+00	9.586967E-01
4.188790E-02	6.461037E+00	6.085526E+00
6.283185E-02	7.314756E+00	6.535603E+00
8.377580E-02	6.253979E+00	6.237560E+00
1.047198E-01	5.511849E+00	5.521094E+00
1.256637E-01	4.907378E+00	5.017816E+00
1.466077E-01	3.938031E+00	4.065371E+00
1.675516E-01	3.321569E+00	3.720754E+00
1.884956E-01	2.708156E+00	2.949482E+00
2.094395E-01	2.713384E+00	2.748808E+00
2.303835E-01	2.322050E+00	2.359171E+00
2.513274E-01	2.330852E+00	2.301914E+00
2.722714E-01	2.368760E+00	2.421498E+00
2.932153E-01	2.337402E+00	2.335816E+00
3.141593E-01	2.454111E+00	2.420252E+00
3.351032E-01	2.672721E+00	2.686835E+00
3.560472E-01	2.774629E+00	2.732335E+00
3.769911E-01	2.825401E+00	2.916601E+00
3.979351E-01	2.794687E+00	2.774557E+00
4.188790E-01	2.922306E+00	2.886920E+00
4.398230E-01	3.019232E+00	3.052854E+00
4.607669E-01	3.110063E+00	3.106607E+00
4.817109E-01	3.162625E+00	3.096703E+00
5.026548E-01	3.209239E+00	3.203684E+00
5.235988E-01	3.339130E+00	3.285079E+00
5.445427E-01	3.452521E+00	3.501711E+00
5.654867E-01	3.374092E+00	3.305330E+00
5.864306E-01	3.502655E+00	3.500420E+00
6.073746E-01	3.547887E+00	3.527798E+00
6.283185E-01	3.519621E+00	3.597621E+00
6.492625E-01	3.566415E+00	3.516117E+00
6.702064E-01	3.607840E+00	3.628830E+00
6.911504E-01	3.640991E+00	3.628236E+00
7.120943E-01	3.635552E+00	3.685129E+00
7.330383E-01	3.689627E+00	3.681273E+00
7.539822E-01	3.728353E+00	3.683201E+00
7.749262E-01	3.814096E+00	3.863937E+00
7.958701E-01	3.724800E+00	3.687714E+00
8.168141E-01	3.729262E+00	3.694603E+00
8.377580E-01	3.849402E+00	3.845295E+00
8.587020E-01	3.794302E+00	3.818512E+00
8.796459E-01	3.774448E+00	3.748185E+00
9.005899E-01	3.785155E+00	3.773550E+00
9.215338E-01	3.779128E+00	3.767452E+00
9.424778E-01	3.891318E+00	3.873494E+00
9.634217E-01	3.812040E+00	3.855820E+00
9.843657E-01	3.851690E+00	3.838555E+00
1.005310E+00	3.866067E+00	3.844657E+00
1.026254E+00	3.895980E+00	3.903307E+00
1.047198E+00	3.959645E+00	3.957806E+00
1.068142E+00	3.914160E+00	3.944179E+00
1.089085E+00	3.925367E+00	3.945956E+00
1.110029E+00	3.919762E+00	3.908568E+00
1.130973E+00	3.925280E+00	3.921463E+00
1.151917E+00	3.933615E+00	3.946510E+00
1.172861E+00	3.934731E+00	3.964396E+00
1.193805E+00	3.908042E+00	3.930546E+00
1.214749E+00	3.902941E+00	3.905325E+00
1.235693E+00	3.907328E+00	3.895984E+00
1.256637E+00	3.917610E+00	3.911078E+00
1.277581E+00	3.920388E+00	3.968355E+00
1.298525E+00	3.907903E+00	3.928361E+00
1.319469E+00	3.978853E+00	3.951086E+00
1.340413E+00	3.930686E+00	3.941822E+00
1.361357E+00	3.928614E+00	3.953610E+00
1.382301E+00	3.963157E+00	4.006485E+00
1.403245E+00	3.931461E+00	3.923952E+00
1.424189E+00	3.947848E+00	3.976886E+00
1.445133E+00	3.980869E+00	3.982474E+00
1.466077E+00	3.908594E+00	3.923784E+00
1.487021E+00	3.924223E+00	3.931187E+00
1.507964E+00	3.918668E+00	3.934272E+00
1.528908E+00	3.915333E+00	3.939979E+00
1.549852E+00	3.947061E+00	3.983794E+00
1.570796E+00	3.926220E+00	3.932616E+00
1.591740E+00	3.900936E+00	3.919427E+00
1.612684E+00	3.928930E+00	3.973254E+00
1.633628E+00	3.939811E+00	3.976532E+00
1.654572E+00	3.916267E+00	3.971055E+00
1.675516E+00	3.905646E+00	3.950587E+00
1.696460E+00	3.942508E+00	3.961811E+00
1.717404E+00	3.923179E+00	3.979332E+00
1.738348E+00	3.931721E+00	3.995637E+00
1.759292E+00	3.911938E+00	3.957990E+00
1.780236E+00	3.906181E+00	3.951124E+00
1.801180E+00	3.908403E+00	3.965418E+00
1.822124E+00	3.927863E+00	3.986167E+00
1.843068E+00	3.946956E+00	4.027366E+00
1.864012E+00	3.939506E+00	4.012935E+00
1.884956E+00	3.962288E+00	4.041881E+00
1.905900E+00	3.946294E+00	4.022778E+00
1.926843E+00	3.938383E+00	4.016020E+00
1.947787E+00	3.943646E+00	4.055069E+00
1.968731E+00	3.965399E+00	4.054590E+00
1.989675E+00	3.957738E+00	4.067504E+00
2.010619E+00	3.983852E+00	4.094828E+00
2.031563E+00	3.994053E+00	4.115571E+00
2.052507E+00	4.000062E+00	4.139163E+00
2.073451E+00	4.020802E+00	4.159015E+00
2.094395E+00	4.022831E+00	4.158701E+00
2.115339E+00	4.027570E+00	4.154710E+00
2.136283E+00	4.034796E+00	4.222544E+00
2.157227E+00	4.044643E+00	4.214215E+00
2.178171E+00	4.073692E+00	4.254792E+00
2.199115E+00	4.063299E+00	4.254314E+00
2.220059E+00	4.083462E+00	4.272644E+00
2.241003E+00	4.100388E+00	4.272378E+00
2.261947E+00	4.130738E+00	4.341131E+00
2.282891E+00	4.140178E+00	4.367732E+00
2.303835E+00	4.152039E+00	4.381701E+00
2.324779E+00	4.181977E+00	4.438011E+00
2.345723E+00	4.220870E+00	4.465111E+00
2.366666E+00	4.242324E+00	4.490438E+00
2.387610E+00	4.299049E+00	4.566748E+00
2.408554E+00	4.393682E+00	4.724233E+00
2.429498E+00	4.813559E+00	5.316410E+00
2.450442E+00	4.946383E+00	5.465108E+00
2.471386E+00	5.040882E+00	5.582756E+00
2.492330E+00	5.112542E+00	5.669725E+00
2.513274E+00	5.154101E+00	5.699045E+00
2.534218E+00	5.203251E+00	5.782918E+00
2.555162E+00	5.257861E+00	5.893136E+00
2.576106E+00	5.311817E+00	5.982712E+00
2.597050E+00	5.359559E+00	6.076537E+00
2.617994E+00	5.408318E+00	6.122991E+00
2.638938E+00	5.440859E+00	6.215071E+00
2.659882E+00	5.502186E+00	6.249220E+00
