2.094395E-02	3.953939E-02	3.193286E-02
4.188790E-02	4.279163E-01	4.535482E-01
6.283185E-02	1.406618E+00	1.332046E+00
8.377580E-02	2.326502E+00	2.567794E+00
1.047198E-01	4.606731E+00	4.462879E+00
1.256637E-01	7.065265E+00	6.954227E+00
1.466077E-01	8.668792E+00	9.768861E+00
1.675516E-01	1.002149E+01	1.007179E+01
1.884956E-01	1.136181E+01	1.210063E+01
2.094395E-01	1.330902E+01	1.322359E+01
2.303835E-01	1.434477E+01	1.472356E+01
2.513274E-01	1.390291E+01	1.463281E+01
2.722714E-01	1.496303E+01	1.530491E+01
2.932153E-01	1.536950E+01	1.598477E+01
3.141593E-01	1.600259E+01	1.704450E+01
3.351032E-01	1.668566E+01	1.683588E+01
3.560472E-01	1.642936E+01	1.638277E+01
3.769911E-01	1.637158E+01	1.668055E+01
3.979351E-01	1.647854E+01	1.661883E+01
4.188790E-01	1.692247E+01	1.720407E+01
4.398230E-01	1.670163E+01	1.677900E+01
4.607669E-01	1.689699E+01	1.713744E+01
4.817109E-01	1.728781E+01	1.722994E+01
5.026548E-01	1.800964E+01	1.802757E+01
5.235988E-01	1.765397E+01	1.764361E+01
5.445427E-01	1.787017E+01	1.801141E+01
5.654867E-01	1.834770E+01	1.860596E+01
5.864306E-01	1.760798E+01	1.746441E+01
6.073746E-01	1.754807E+01	1.801252E+01
6.283185E-01	1.809870E+01	1.797344E+01
6.492625E-01	1.779617E+01	1.803723E+01
6.702064E-01	1.849862E+01	1.888327E+01
6.911504E-01	1.837882E+01	1.892995E+01
7.120943E-01	1.827374E+01	1.849493E+01
7.330383E-01	1.856471E+01	1.875443E+01
7.539822E-01	1.867408E+01	1.904095E+01
7.749262E-01	1.845823E+01	1.890569E+01
7.958701E-01	1.886030E+01	1.868797E+01
8.168141E-01	1.856812E+01	1.871078E+01
8.377580E-01	1.869595E+01	1.865631E+01
8.587020E-01	1.914807E+01	1.929958E+01
8.796459E-01	1.917194E+01	1.909374E+01
9.005899E-01	1.925364E+01	1.936143E+01
9.215338E-01	1.925483E+01	1.924566E+01
9.424778E-01	1.949604E+01	1.944679E+01
9.634217E-01	1.935913E+01	1.949276E+01
9.843657E-01	1.941635E+01	1.927219E+01
1.005310E+00	1.936613E+01	1.918024E+01
1.026254E+00	1.971454E+01	1.972118E+01
1.047198E+00	1.982898E+01	1.984983E+01
1.068142E+00	1.954402E+01	1.940298E+01
1.089085E+00	1.983222E+01	1.987185E+01
1.110029E+00	1.982173E+01	1.978998E+01
1.130973E+00	1.964626E+01	1.959232E+01
1.151917E+00	1.986372E+01	1.989928E+01
1.172861E+00	1.980848E+01	1.988642E+01
1.193805E+00	2.039692E+01	2.028089E+01
1.214749E+00	1.998590E+01	2.000372E+01
1.235693E+00	2.009851E+01	2.009159E+01
1.256637E+00	2.002462E+01	1.993478E+01
1.277581E+00	2.043314E+01	2.065859E+01
1.298525E+00	2.027721E+01	2.040240E+01
1.319469E+00	2.048235E+01	2.089116E+01
1.340413E+00	2.051705E+01	2.066125E+01
1.361357E+00	2.053457E+01	2.078426E+01
1.382301E+00	2.063992E+01	2.053876E+01
1.403245E+00	2.065599E+01	2.090615E+01
1.424189E+00	2.100099E+01	2.103489E+01
1.445133E+00	2.101335E+01	2.096882E+01
1.466077E+00	2.098918E+01	2.109208E+01
1.487021E+00	2.106064E+01	2.089474E+01
1.507964E+00	2.140625E+01	2.169682E+01
1.528908E+00	2.131515E+01	2.137488E+01
1.549852E+00	2.130808E+01	2.144831E+01
1.570796E+00	2.154711E+01	2.159015E+01
1.591740E+00	2.147259E+01	2.147654E+01
1.612684E+00	2.145271E+01	2.130270E+01
1.633628E+00	2.169769E+01	2.186314E+01
1.654572E+00	2.174672E+01	2.179433E+01
1.675516E+00	2.169553E+01	2.187280E+01
1.696460E+00	2.203157E+01	2.216498E+01
1.717404E+00	2.220165E+01	2.221917E+01
1.738348E+00	2.217621E+01	2.233031E+01
1.759292E+00	2.225188E+01	2.219445E+01
1.780236E+00	2.235717E+01	2.258088E+01
1.801180E+00	2.245034E+01	2.269941E+01
1.822124E+00	2.259867E+01	2.287085E+01
1.843068E+00	2.289879E+01	2.303548E+01
1.864012E+00	2.287705E+01	2.280795E+01
1.884956E+00	2.286000E+01	2.311851E+01
1.905900E+00	2.314139E+01	2.342551E+01
1.926843E+00	2.325087E+01	2.337108E+01
1.947787E+00	2.335884E+01	2.348073E+01
1.968731E+00	2.341671E+01	2.357424E+01
1.989675E+00	2.343400E+01	2.348523E+01
2.010619E+00	2.387487E+01	2.406418E+01
2.031563E+00	2.401927E+01	2.413373E+01
2.052507E+00	2.396952E+01	2.415301E+01
2.073451E+00	2.423801E+01	2.434560E+01
2.094395E+00	2.438056E+01	2.461558E+01
2.115339E+00	2.450247E+01	2.464285E+01
2.136283E+00	2.480856E+01	2.502412E+01
2.157227E+00	2.486758E+01	2.500253E+01
2.178171E+00	2.504247E+01	2.518497E+01
2.199115E+00	2.527902E+01	2.539374E+01
2.220059E+00	2.524872E+01	2.560019E+01
2.241003E+00	2.565364E+01	2.585717E+01
2.261947E+00	2.588408E+01	2.599750E+01
2.282891E+00	2.607459E+01	2.636198E+01
2.303835E+00	2.637038E+01	2.669564E+01
2.324779E+00	2.658854E+01	2.675179E+01
2.345723E+00	2.684437E+01	2.737496E+01
2.366666E+00	2.701016E+01	2.725389E+01
2.387610E+00	2.727765E+01	2.764201E+01
2.408554E+00	2.821509E+01	2.894875E+01
2.429498E+00	3.621653E+01	3.726873E+01
2.450442E+00	3.631709E+01	3.743181E+01
2.471386E+00	3.692196E+01	3.817287E+01
2.492330E+00	3.711654E+01	3.830542E+01
2.513274E+00	3.774882E+01	3.906869E+01
2.534218E+00	3.807277E+01	3.949248E+01
2.555162E+00	3.831996E+01	3.971998E+01
2.576106E+00	3.898238E+01	4.062921E+01
2.597050E+00	3.904925E+01	4.082599E+01
2.617994E+00	3.953556E+01	4.112119E+01
2.638938E+00	3.996400E+01	4.203687E+01
2.659882E+00	4.028013E+01	4.199605E+01
