2.094395E-02	2.899697E-01	4.934079E-01
4.188790E-02	3.360851E+00	5.797441E+00
6.283185E-02	7.331547E+00	8.998975E+00
8.377580E-02	1.289003E+01	1.538477E+01
1.047198E-01	2.149917E+01	2.979631E+01
1.256637E-01	3.331394E+01	4.076771E+01
1.466077E-01	4.413782E+01	6.181165E+01
1.675516E-01	5.982982E+01	7.627689E+01
1.884956E-01	6.972419E+01	8.715526E+01
2.094395E-01	9.171783E+01	1.149444E+02
2.303835E-01	9.909400E+01	1.220298E+02
2.513274E-01	1.196227E+02	1.514607E+02
2.722714E-01	1.349123E+02	1.765387E+02
2.932153E-01	1.525452E+02	1.939365E+02
3.141593E-01	1.569756E+02	1.959011E+02
3.351032E-01	1.925316E+02	2.583991E+02
3.560472E-01	2.026320E+02	2.539047E+02
3.769911E-01	2.153223E+02	2.776397E+02
3.979351E-01	2.277829E+02	2.821977E+02
4.188790E-01	2.355155E+02	2.932156E+02
4.398230E-01	2.553675E+02	3.153348E+02
4.607669E-01	2.759013E+02	3.491900E+02
4.817109E-01	2.959030E+02	3.632972E+02
5.026548E-01	2.996245E+02	3.762030E+02
5.235988E-01	3.246328E+02	4.086929E+02
5.445427E-01	3.244518E+02	3.938591E+02
5.654867E-01	3.499951E+02	4.297995E+02
5.864306E-01	3.623455E+02	4.372829E+02
6.073746E-01	3.676148E+02	4.476878E+02
6.283185E-01	3.915673E+02	4.815097E+02
6.492625E-01	3.900060E+02	4.827249E+02
6.702064E-01	4.142513E+02	5.133856E+02
6.911504E-01	4.135743E+02	5.006984E+02
7.120943E-01	4.382142E+02	5.372743E+02
7.330383E-01	4.603668E+02	5.636808E+02
7.539822E-01	4.718077E+02	5.674795E+02
7.749262E-01	4.853630E+02	5.868631E+02
7.958701E-01	4.931810E+02	5.950449E+02
8.168141E-01	5.041372E+02	5.967734E+02
8.377580E-01	5.228025E+02	6.359870E+02
8.587020E-01	5.274575E+02	6.259240E+02
8.796459E-01	5.604088E+02	6.648670E+02
9.005899E-01	5.679650E+02	6.873031E+02
9.215338E-01	5.818500E+02	6.867667E+02
9.424778E-01	5.935875E+02	7.084867E+02
9.634217E-01	6.065446E+02	7.235258E+02
9.843657E-01	6.202797E+02	7.352694E+02
1.005310E+00	6.513928E+02	7.581861E+02
1.026254E+00	6.665158E+02	7.852101E+02
1.047198E+00	6.810998E+02	8.136531E+02
1.068142E+00	6.929997E+02	8.094433E+02
1.089085E+00	7.003108E+02	8.341339E+02
1.110029E+00	7.111947E+02	8.360387E+02
1.130973E+00	7.308432E+02	8.697305E+02
1.151917E+00	7.488698E+02	8.811199E+02
1.172861E+00	7.672774E+02	9.038150E+02
1.193805E+00	7.707488E+02	8.849711E+02
1.214749E+00	7.932293E+02	9.203171E+02
1.235693E+00	7.986735E+02	9.142044E+02
1.256637E+00	8.115557E+02	9.448216E+02
1.277581E+00	8.324987E+02	9.542204E+02
1.298525E+00	8.368347E+02	9.673940E+02
1.319469E+00	8.517679E+02	9.905832E+02
1.340413E+00	8.572275E+02	9.900648E+02
1.361357E+00	8.839999E+02	1.013025E+03
1.382301E+00	8.914529E+02	1.021924E+03
1.403245E+00	8.999636E+02	1.030126E+03
1.424189E+00	9.154324E+02	1.047214E+03
1.445133E+00	9.200176E+02	1.044713E+03
1.466077E+00	9.391210E+02	1.066619E+03
1.487021E+00	9.485889E+02	1.073582E+03
1.507964E+00	9.534605E+02	1.079540E+03
1.528908E+00	9.666609E+02	1.086203E+03
1.549852E+00	9.769638E+02	1.107503E+03
1.570796E+00	9.871034E+02	1.118917E+03
1.591740E+00	9.950585E+02	1.117367E+03
1.612684E+00	1.003886E+03	1.130703E+03
1.633628E+00	1.014455E+03	1.138099E+03
1.654572E+00	1.018824E+03	1.145648E+03
1.675516E+00	1.027391E+03	1.143760E+03
1.696460E+00	1.035515E+03	1.160604E+03
1.717404E+00	1.032033E+03	1.151894E+03
1.738348E+00	1.039986E+03	1.159239E+03
1.759292E+00	1.046777E+03	1.161075E+03
1.780236E+00	1.065578E+03	1.179254E+03
1.801180E+00	1.060555E+03	1.175340E+03
1.822124E+00	1.065529E+03	1.178330E+03
1.843068E+00	1.080776E+03	1.192957E+03
1.864012E+00	1.078566E+03	1.178648E+03
1.884956E+00	1.086076E+03	1.180734E+03
1.905900E+00	1.094728E+03	1.208602E+03
1.926843E+00	1.096228E+03	1.203974E+03
1.947787E+00	1.093000E+03	1.195505E+03
1.968731E+00	1.101344E+03	1.209195E+03
1.989675E+00	1.102672E+03	1.201213E+03
2.010619E+00	1.106753E+03	1.204497E+03
2.031563E+00	1.113271E+03	1.214754E+03
2.052507E+00	1.118137E+03	1.209655E+03
2.073451E+00	1.121612E+03	1.214442E+03
2.094395E+00	1.124734E+03	1.221528E+03
2.115339E+00	1.118993E+03	1.209729E+03
2.136283E+00	1.125088E+03	1.213015E+03
2.157227E+00	1.132404E+03	1.213586E+03
2.178171E+00	1.138879E+03	1.236150E+03
2.199115E+00	1.137602E+03	1.230580E+03
2.220059E+00	1.142332E+03	1.227772E+03
2.241003E+00	1.134242E+03	1.217371E+03
2.261947E+00	1.151018E+03	1.235285E+03
2.282891E+00	1.153192E+03	1.248463E+03
2.303835E+00	1.153574E+03	1.238873E+03
2.324779E+00	1.153851E+03	1.246671E+03
2.345723E+00	1.156892E+03	1.230783E+03
2.366666E+00	1.167128E+03	1.256712E+03
2.387610E+00	1.173298E+03	1.262972E+03
2.408554E+00	1.174794E+03	1.265341E+03
2.429498E+00	1.276084E+03	1.373210E+03
2.450442E+00	1.272874E+03	1.364746E+03
2.471386E+00	1.277563E+03	1.373581E+03
2.492330E+00	1.281655E+03	1.379205E+03
2.513274E+00	1.287007E+03	1.379540E+03
2.534218E+00	1.291315E+03	1.388882E+03
2.555162E+00	1.290359E+03	1.377740E+03
2.576106E+00	1.305994E+03	1.403239E+03
2.597050E+00	1.311316E+03	1.415093E+03
2.617994E+00	1.317181E+03	1.418553E+03
2.638938E+00	1.312201E+03	1.433731E+03
2.659882E+00	1.332635E+03	1.463229E+03
