2.094395E-02	2.916226E+00	2.540877E+00
4.188790E-02	1.372434E+01	1.295757E+01
6.283185E-02	2.129991E+01	1.663120E+01
8.377580E-02	2.078679E+01	2.084204E+01
1.047198E-01	2.825246E+01	2.613063E+01
1.256637E-01	3.366284E+01	3.127170E+01
1.466077E-01	3.326130E+01	3.267445E+01
1.675516E-01	3.382604E+01	3.406459E+01
1.884956E-01	3.632616E+01	4.157837E+01
2.094395E-01	3.968588E+01	3.735538E+01
2.303835E-01	3.981686E+01	4.038538E+01
2.513274E-01	3.654561E+01	3.753818E+01
2.722714E-01	3.763753E+01	3.805490E+01
2.932153E-01	3.881248E+01	3.930211E+01
3.141593E-01	3.897014E+01	3.878071E+01
3.351032E-01	3.984499E+01	4.071781E+01
3.560472E-01	3.876718E+01	4.006768E+01
3.769911E-01	4.027748E+01	4.127824E+01
3.979351E-01	3.918106E+01	4.070696E+01
4.188790E-01	3.821228E+01	4.047704E+01
4.398230E-01	3.864254E+01	4.025944E+01
4.607669E-01	3.815869E+01	4.029874E+01
4.817109E-01	3.783949E+01	3.956692E+01
5.026548E-01	3.776398E+01	3.899839E+01
5.235988E-01	3.751718E+01	3.931911E+01
5.445427E-01	3.705209E+01	3.918767E+01
5.654867E-01	3.591044E+01	3.675983E+01
5.864306E-01	3.588791E+01	3.777761E+01
6.073746E-01	3.571223E+01	3.660967E+01
6.283185E-01	3.513080E+01	3.768479E+01
6.492625E-01	3.487924E+01	3.708788E+01
6.702064E-01	3.455714E+01	3.776191E+01
6.911504E-01	3.419918E+01	3.659587E+01
7.120943E-01	3.403605E+01	3.690840E+01
7.330383E-01	3.416466E+01	3.635931E+01
7.539822E-01	3.328795E+01	3.580035E+01
7.749262E-01	3.368124E+01	3.705323E+01
7.958701E-01	3.265259E+01	3.511967E+01
8.168141E-01	3.364292E+01	3.666532E+01
8.377580E-01	3.280161E+01	3.536946E+01
8.587020E-01	3.356777E+01	3.640115E+01
8.796459E-01	3.312000E+01	3.588760E+01
9.005899E-01	3.322639E+01	3.585912E+01
9.215338E-01	3.268281E+01	3.605795E+01
9.424778E-01	3.266747E+01	3.566388E+01
9.634217E-01	3.278814E+01	3.647375E+01
9.843657E-01	3.235640E+01	3.572393E+01
1.005310E+00	3.271640E+01	3.573617E+01
1.026254E+00	3.246473E+01	3.540669E+01
1.047198E+00	3.270172E+01	3.592702E+01
1.068142E+00	3.255672E+01	3.608484E+01
1.089085E+00	3.247761E+01	3.587947E+01
1.110029E+00	3.332196E+01	3.679754E+01
1.130973E+00	3.253260E+01	3.641906E+01
1.151917E+00	3.279794E+01	3.756462E+01
1.172861E+00	3.316473E+01	3.693297E+01
1.193805E+00	3.358493E+01	3.765103E+01
1.214749E+00	3.334359E+01	3.780568E+01
1.235693E+00	3.319381E+01	3.722515E+01
1.256637E+00	3.320812E+01	3.724937E+01
1.277581E+00	3.327319E+01	3.755711E+01
1.298525E+00	3.347350E+01	3.829165E+01
1.319469E+00	3.341046E+01	3.785858E+01
1.340413E+00	3.370346E+01	3.779523E+01
1.361357E+00	3.369920E+01	3.784609E+01
1.382301E+00	3.391814E+01	3.855279E+01
1.403245E+00	3.367045E+01	3.810738E+01
1.424189E+00	3.398149E+01	3.814683E+01
1.445133E+00	3.388210E+01	3.843427E+01
1.466077E+00	3.395070E+01	3.836408E+01
1.487021E+00	3.415046E+01	3.873010E+01
1.507964E+00	3.401127E+01	3.846026E+01
1.528908E+00	3.433462E+01	3.857288E+01
1.549852E+00	3.412725E+01	3.886721E+01
1.570796E+00	3.449452E+01	3.940891E+01
1.591740E+00	3.449298E+01	3.917132E+01
1.612684E+00	3.460489E+01	3.884140E+01
1.633628E+00	3.461527E+01	3.849967E+01
1.654572E+00	3.466895E+01	3.915556E+01
1.675516E+00	3.468028E+01	3.888115E+01
1.696460E+00	3.496876E+01	3.932842E+01
1.717404E+00	3.493448E+01	3.915198E+01
1.738348E+00	3.484060E+01	3.915880E+01
1.759292E+00	3.500426E+01	3.918867E+01
1.780236E+00	3.554295E+01	3.992556E+01
1.801180E+00	3.514267E+01	3.938229E+01
1.822124E+00	3.516441E+01	3.920861E+01
1.843068E+00	3.565060E+01	3.980009E+01
1.864012E+00	3.532364E+01	3.912815E+01
1.884956E+00	3.505332E+01	3.886750E+01
1.905900E+00	3.541882E+01	3.949327E+01
1.926843E+00	3.540501E+01	3.938189E+01
1.947787E+00	3.556293E+01	3.968178E+01
1.968731E+00	3.583660E+01	3.982610E+01
1.989675E+00	3.556136E+01	3.934542E+01
2.010619E+00	3.568328E+01	3.953707E+01
2.031563E+00	3.564953E+01	3.953912E+01
2.052507E+00	3.657278E+01	4.053227E+01
2.073451E+00	3.579903E+01	3.921339E+01
2.094395E+00	3.592699E+01	3.964431E+01
2.115339E+00	3.590641E+01	3.955450E+01
2.136283E+00	3.620633E+01	3.983642E+01
2.157227E+00	3.658120E+01	4.028335E+01
2.178171E+00	3.646839E+01	4.000163E+01
2.199115E+00	3.658279E+01	4.038243E+01
2.220059E+00	3.671690E+01	4.026340E+01
2.241003E+00	3.650896E+01	3.970597E+01
2.261947E+00	3.682554E+01	4.023366E+01
2.282891E+00	3.680258E+01	4.039223E+01
2.303835E+00	3.704334E+01	4.050289E+01
2.324779E+00	3.731546E+01	4.076602E+01
2.345723E+00	3.734379E+01	4.084001E+01
2.366666E+00	3.752029E+01	4.108417E+01
2.387610E+00	3.740081E+01	4.040712E+01
2.408554E+00	3.791127E+01	4.137565E+01
2.429498E+00	3.809267E+01	4.171153E+01
2.450442E+00	3.813475E+01	4.175757E+01
2.471386E+00	3.833763E+01	4.179284E+01
2.492330E+00	3.877389E+01	4.210241E+01
2.513274E+00	3.855719E+01	4.211650E+01
2.534218E+00	3.884233E+01	4.246864E+01
2.555162E+00	3.915200E+01	4.284977E+01
2.576106E+00	3.941673E+01	4.316465E+01
2.597050E+00	3.949389E+01	4.335960E+01
2.617994E+00	3.993192E+01	4.402933E+01
2.638938E+00	4.012854E+01	4.413315E+01
2.659882E+00	4.039036E+01	4.461220E+01
