2.094395E-02	3.025695E-03	2.507984E-03
4.188790E-02	2.245120E-02	2.132704E-02
6.283185E-02	4.506830E-02	3.803306E-02
8.377580E-02	5.717952E-02	5.965862E-02
1.047198E-01	8.588955E-02	8.490458E-02
1.256637E-01	1.223631E-01	1.175322E-01
1.466077E-01	1.317313E-01	1.292362E-01
1.675516E-01	1.506053E-01	1.543421E-01
1.884956E-01	1.749815E-01	1.945516E-01
2.094395E-01	2.088840E-01	2.038204E-01
2.303835E-01	2.139230E-01	2.244616E-01
2.513274E-01	2.148667E-01	2.217268E-01
2.722714E-01	2.410622E-01	2.445130E-01
2.932153E-01	2.654148E-01	2.787858E-01
3.141593E-01	2.953700E-01	2.970103E-01
3.351032E-01	3.202934E-01	3.236380E-01
3.560472E-01	3.271939E-01	3.487345E-01
3.769911E-01	3.633577E-01	3.608618E-01
3.979351E-01	3.657931E-01	3.741200E-01
4.188790E-01	3.792523E-01	3.975103E-01
4.398230E-01	4.053106E-01	4.162546E-01
4.607669E-01	4.234001E-01	4.344232E-01
4.817109E-01	4.392899E-01	4.656128E-01
5.026548E-01	4.617817E-01	4.712733E-01
5.235988E-01	4.809128E-01	4.858588E-01
5.445427E-01	5.018212E-01	5.208793E-01
5.654867E-01	5.058048E-01	5.193616E-01
5.864306E-01	5.122838E-01	5.254558E-01
6.073746E-01	5.308230E-01	5.302649E-01
6.283185E-01	5.348070E-01	5.495245E-01
6.492625E-01	5.670831E-01	5.724306E-01
6.702064E-01	5.808476E-01	5.986210E-01
6.911504E-01	5.881926E-01	6.041059E-01
7.120943E-01	5.995786E-01	6.138087E-01
7.330383E-01	6.188380E-01	6.178971E-01
7.539822E-01	6.234326E-01	6.289600E-01
7.749262E-01	6.220181E-01	6.435756E-01
7.958701E-01	6.371809E-01	6.540264E-01
8.168141E-01	6.476686E-01	6.597190E-01
8.377580E-01	6.595242E-01	6.812026E-01
8.587020E-01	6.780610E-01	7.026116E-01
8.796459E-01	6.681146E-01	6.949545E-01
9.005899E-01	6.714324E-01	6.859672E-01
9.215338E-01	6.856142E-01	7.151058E-01
9.424778E-01	6.849311E-01	7.064223E-01
9.634217E-01	6.840952E-01	6.998325E-01
9.843657E-01	6.896083E-01	7.121843E-01
1.005310E+00	7.010041E-01	7.130721E-01
1.026254E+00	6.973250E-01	7.264996E-01
1.047198E+00	7.011279E-01	7.185508E-01
1.068142E+00	7.004945E-01	7.197887E-01
1.089085E+00	7.076378E-01	7.342162E-01
1.110029E+00	6.980766E-01	7.191855E-01
1.130973E+00	7.091524E-01	7.315536E-01
1.151917E+00	6.994426E-01	7.147556E-01
1.172861E+00	7.027704E-01	7.266561E-01
1.193805E+00	7.024418E-01	7.295021E-01
1.214749E+00	7.033818E-01	7.268171E-01
1.235693E+00	6.992184E-01	7.226989E-01
1.256637E+00	6.954250E-01	7.272784E-01
1.277581E+00	6.898951E-01	7.166380E-01
1.298525E+00	6.857560E-01	7.021418E-01
1.319469E+00	6.918375E-01	7.199865E-01
1.340413E+00	6.872761E-01	7.130845E-01
1.361357E+00	6.870911E-01	7.093340E-01
1.382301E+00	6.813508E-01	7.034897E-01
1.403245E+00	6.748338E-01	6.971013E-01
1.424189E+00	6.689847E-01	6.905252E-01
1.445133E+00	6.698259E-01	7.045072E-01
1.466077E+00	6.674542E-01	6.847487E-01
1.487021E+00	6.686408E-01	6.886132E-01
1.507964E+00	6.655358E-01	6.929686E-01
1.528908E+00	6.606891E-01	6.795442E-01
1.549852E+00	6.580564E-01	6.791179E-01
1.570796E+00	6.580456E-01	6.806986E-01
1.591740E+00	6.488870E-01	6.655783E-01
1.612684E+00	6.431129E-01	6.541767E-01
1.633628E+00	6.426315E-01	6.660237E-01
1.654572E+00	6.362008E-01	6.566706E-01
1.675516E+00	6.421486E-01	6.634975E-01
1.696460E+00	6.316869E-01	6.551070E-01
1.717404E+00	6.256685E-01	6.417939E-01
1.738348E+00	6.250001E-01	6.390044E-01
1.759292E+00	6.242510E-01	6.457412E-01
1.780236E+00	6.190387E-01	6.342679E-01
1.801180E+00	6.164091E-01	6.368976E-01
1.822124E+00	6.133253E-01	6.285368E-01
1.843068E+00	6.123714E-01	6.314464E-01
1.864012E+00	6.080662E-01	6.260820E-01
1.884956E+00	6.037035E-01	6.226647E-01
1.905900E+00	6.053711E-01	6.211429E-01
1.926843E+00	5.980096E-01	6.156588E-01
1.947787E+00	5.949916E-01	6.125586E-01
1.968731E+00	5.982896E-01	6.165284E-01
1.989675E+00	5.955775E-01	6.114407E-01
2.010619E+00	5.896628E-01	6.123031E-01
2.031563E+00	5.909647E-01	6.111623E-01
2.052507E+00	5.881597E-01	6.084963E-01
2.073451E+00	5.867466E-01	6.041179E-01
2.094395E+00	5.882956E-01	6.101672E-01
2.115339E+00	5.824223E-01	6.076005E-01
2.136283E+00	5.805890E-01	6.013331E-01
2.157227E+00	5.765242E-01	5.970315E-01
2.178171E+00	5.789745E-01	6.028880E-01
2.199115E+00	5.805554E-01	6.066298E-01
2.220059E+00	5.756514E-01	6.001735E-01
2.241003E+00	5.752885E-01	5.968148E-01
2.261947E+00	5.732260E-01	6.001538E-01
2.282891E+00	5.765002E-01	6.022877E-01
2.303835E+00	5.755978E-01	6.100666E-01
2.324779E+00	5.765252E-01	6.080516E-01
2.345723E+00	5.752968E-01	6.085582E-01
2.366666E+00	5.706113E-01	6.036461E-01
2.387610E+00	5.724459E-01	6.119855E-01
2.408554E+00	5.740665E-01	6.073566E-01
2.429498E+00	5.741744E-01	6.168337E-01
2.450442E+00	5.759716E-01	6.178306E-01
2.471386E+00	5.743218E-01	6.128580E-01
2.492330E+00	5.813414E-01	6.249969E-01
2.513274E+00	5.783753E-01	6.253713E-01
2.534218E+00	5.806207E-01	6.284760E-01
2.555162E+00	5.807337E-01	6.300276E-01
2.576106E+00	5.823705E-01	6.363838E-01
2.597050E+00	5.839868E-01	6.417753E-01
2.617994E+00	5.865152E-01	6.438305E-01
2.638938E+00	5.904292E-01	6.499681E-01
2.659882E+00	5.929714E-01	6.583158E-01
