2.094395E-02	2.563278E-03	2.340075E-03
4.188790E-02	2.370156E-02	2.333540E-02
6.283185E-02	4.752753E-02	4.317165E-02
8.377580E-02	6.315384E-02	6.712428E-02
1.047198E-01	9.638549E-02	9.769312E-02
1.256637E-01	1.376877E-01	1.350129E-01
1.466077E-01	1.534759E-01	1.600152E-01
1.675516E-01	1.751856E-01	1.911667E-01
1.884956E-01	1.952536E-01	2.207223E-01
2.094395E-01	2.330044E-01	2.394077E-01
2.303835E-01	2.378594E-01	2.576473E-01
2.513274E-01	2.484183E-01	2.619276E-01
2.722714E-01	2.712007E-01	2.839764E-01
2.932153E-01	3.013375E-01	3.330186E-01
3.141593E-01	3.282282E-01	3.431641E-01
3.351032E-01	3.617922E-01	3.814804E-01
3.560472E-01	3.624556E-01	3.955009E-01
3.769911E-01	3.937175E-01	4.154667E-01
3.979351E-01	4.029971E-01	4.214197E-01
4.188790E-01	4.176622E-01	4.611955E-01
4.398230E-01	4.413385E-01	4.620006E-01
4.607669E-01	4.598152E-01	4.863498E-01
4.817109E-01	4.761587E-01	5.098807E-01
5.026548E-01	4.907015E-01	5.209720E-01
5.235988E-01	5.109215E-01	5.644173E-01
5.445427E-01	5.222987E-01	5.688237E-01
5.654867E-01	5.374738E-01	5.728502E-01
5.864306E-01	5.475724E-01	5.899862E-01
6.073746E-01	5.645042E-01	5.915423E-01
6.283185E-01	5.711516E-01	6.155332E-01
6.492625E-01	5.899305E-01	6.250417E-01
6.702064E-01	6.025666E-01	6.521969E-01
6.911504E-01	6.179284E-01	6.770493E-01
7.120943E-01	6.255176E-01	6.760279E-01
7.330383E-01	6.440732E-01	6.820112E-01
7.539822E-01	6.485680E-01	6.889957E-01
7.749262E-01	6.501901E-01	7.004544E-01
7.958701E-01	6.674939E-01	7.220208E-01
8.168141E-01	6.762221E-01	7.179648E-01
8.377580E-01	6.831422E-01	7.361568E-01
8.587020E-01	6.926311E-01	7.357161E-01
8.796459E-01	6.945725E-01	7.452565E-01
9.005899E-01	7.016943E-01	7.382581E-01
9.215338E-01	7.080146E-01	7.565161E-01
9.424778E-01	7.136109E-01	7.518301E-01
9.634217E-01	7.131326E-01	7.621732E-01
9.843657E-01	7.227551E-01	7.800056E-01
1.005310E+00	7.361680E-01	7.868925E-01
1.026254E+00	7.361723E-01	7.854635E-01
1.047198E+00	7.422658E-01	7.948137E-01
1.068142E+00	7.418412E-01	7.929275E-01
1.089085E+00	7.449092E-01	7.913354E-01
1.110029E+00	7.403698E-01	7.926614E-01
1.130973E+00	7.543601E-01	8.041192E-01
1.151917E+00	7.493912E-01	7.989305E-01
1.172861E+00	7.564868E-01	8.133538E-01
1.193805E+00	7.556651E-01	8.172721E-01
1.214749E+00	7.594536E-01	8.071653E-01
1.235693E+00	7.638020E-01	8.103798E-01
1.256637E+00	7.536078E-01	8.023189E-01
1.277581E+00	7.519623E-01	7.998327E-01
1.298525E+00	7.502194E-01	7.926259E-01
1.319469E+00	7.624772E-01	8.136909E-01
1.340413E+00	7.611498E-01	8.035636E-01
1.361357E+00	7.585976E-01	8.017547E-01
1.382301E+00	7.582509E-01	8.051554E-01
1.403245E+00	7.509277E-01	7.987410E-01
1.424189E+00	7.482442E-01	7.928272E-01
1.445133E+00	7.533169E-01	8.025142E-01
1.466077E+00	7.563548E-01	7.933354E-01
1.487021E+00	7.498295E-01	7.984512E-01
1.507964E+00	7.534409E-01	7.990877E-01
1.528908E+00	7.457596E-01	7.819613E-01
1.549852E+00	7.494865E-01	7.936126E-01
1.570796E+00	7.507377E-01	7.894407E-01
1.591740E+00	7.431505E-01	7.817939E-01
1.612684E+00	7.429077E-01	7.746281E-01
1.633628E+00	7.387279E-01	7.735144E-01
1.654572E+00	7.360008E-01	7.692814E-01
1.675516E+00	7.379381E-01	7.783871E-01
1.696460E+00	7.345279E-01	7.802812E-01
1.717404E+00	7.355192E-01	7.702971E-01
1.738348E+00	7.336532E-01	7.661933E-01
1.759292E+00	7.296041E-01	7.695026E-01
1.780236E+00	7.236814E-01	7.521686E-01
1.801180E+00	7.224197E-01	7.534757E-01
1.822124E+00	7.202550E-01	7.632736E-01
1.843068E+00	7.230454E-01	7.547142E-01
1.864012E+00	7.194906E-01	7.516645E-01
1.884956E+00	7.171353E-01	7.547408E-01
1.905900E+00	7.160340E-01	7.518154E-01
1.926843E+00	7.121276E-01	7.489591E-01
1.947787E+00	7.080099E-01	7.422502E-01
1.968731E+00	7.096162E-01	7.510857E-01
1.989675E+00	7.103610E-01	7.485298E-01
2.010619E+00	7.052710E-01	7.461469E-01
2.031563E+00	7.036078E-01	7.436136E-01
2.052507E+00	7.067246E-01	7.554980E-01
2.073451E+00	7.038268E-01	7.472883E-01
2.094395E+00	7.077791E-01	7.516508E-01
2.115339E+00	7.014659E-01	7.469331E-01
2.136283E+00	6.995155E-01	7.440846E-01
2.157227E+00	6.939296E-01	7.385538E-01
2.178171E+00	7.036511E-01	7.586496E-01
2.199115E+00	6.976390E-01	7.503839E-01
2.220059E+00	6.949523E-01	7.437278E-01
2.241003E+00	6.968333E-01	7.489140E-01
2.261947E+00	6.963522E-01	7.524352E-01
2.282891E+00	6.984268E-01	7.536586E-01
2.303835E+00	7.041375E-01	7.734618E-01
2.324779E+00	7.010578E-01	7.640385E-01
2.345723E+00	6.956568E-01	7.612678E-01
2.366666E+00	6.990229E-01	7.665695E-01
2.387610E+00	6.978069E-01	7.657889E-01
2.408554E+00	6.973467E-01	7.668692E-01
2.429498E+00	6.989313E-01	7.707797E-01
2.450442E+00	7.016811E-01	7.757156E-01
2.471386E+00	7.046902E-01	7.887984E-01
2.492330E+00	7.088045E-01	7.917233E-01
2.513274E+00	7.079827E-01	7.961738E-01
2.534218E+00	7.122648E-01	7.986256E-01
2.555162E+00	7.124152E-01	8.005492E-01
2.576106E+00	7.173759E-01	8.208988E-01
2.597050E+00	7.176950E-01	8.173921E-01
2.617994E+00	7.192604E-01	8.251347E-01
2.638938E+00	7.229747E-01	8.316840E-01
2.659882E+00	7.283915E-01	8.428280E-01
