2.094395E-02	6.253578E+00	5.692118E+00
4.188790E-02	3.260335E+01	3.677122E+01
6.283185E-02	4.351882E+01	4.684877E+01
8.377580E-02	4.948691E+01	5.871732E+01
1.047198E-01	6.263567E+01	7.641775E+01
1.256637E-01	7.830079E+01	9.285116E+01
1.466077E-01	8.460857E+01	1.111154E+02
1.675516E-01	9.441444E+01	1.279590E+02
1.884956E-01	9.852444E+01	1.319490E+02
2.094395E-01	1.162471E+02	1.531949E+02
2.303835E-01	1.164550E+02	1.539336E+02
2.513274E-01	1.301112E+02	1.675467E+02
2.722714E-01	1.399241E+02	1.863081E+02
2.932153E-01	1.529518E+02	2.044987E+02
3.141593E-01	1.576048E+02	1.986232E+02
3.351032E-01	1.826808E+02	2.470300E+02
3.560472E-01	1.863132E+02	2.395978E+02
3.769911E-01	1.950357E+02	2.557213E+02
3.979351E-01	2.037619E+02	2.547629E+02
4.188790E-01	2.060483E+02	2.622131E+02
4.398230E-01	2.181931E+02	2.730248E+02
4.607669E-01	2.365938E+02	3.017048E+02
4.817109E-01	2.504429E+02	3.103777E+02
5.026548E-01	2.498944E+02	3.209733E+02
5.235988E-01	2.655074E+02	3.434591E+02
5.445427E-01	2.673060E+02	3.334948E+02
5.654867E-01	2.848936E+02	3.528374E+02
5.864306E-01	2.895288E+02	3.574231E+02
6.073746E-01	2.940548E+02	3.638818E+02
6.283185E-01	3.131855E+02	3.923180E+02
6.492625E-01	3.128195E+02	3.919485E+02
6.702064E-01	3.323608E+02	4.218778E+02
6.911504E-01	3.287376E+02	4.051606E+02
7.120943E-01	3.502686E+02	4.418386E+02
7.330383E-01	3.621360E+02	4.491095E+02
7.539822E-01	3.708311E+02	4.561613E+02
7.749262E-01	3.825073E+02	4.721951E+02
7.958701E-01	3.896990E+02	4.751580E+02
8.168141E-01	3.967541E+02	4.791090E+02
8.377580E-01	4.107061E+02	5.064393E+02
8.587020E-01	4.142230E+02	5.004586E+02
8.796459E-01	4.435533E+02	5.364806E+02
9.005899E-01	4.470809E+02	5.498738E+02
9.215338E-01	4.576948E+02	5.520277E+02
9.424778E-01	4.642349E+02	5.601206E+02
9.634217E-01	4.776066E+02	5.783492E+02
9.843657E-01	4.888840E+02	5.888821E+02
1.005310E+00	5.098272E+02	6.028608E+02
1.026254E+00	5.221102E+02	6.290303E+02
1.047198E+00	5.344182E+02	6.455345E+02
1.068142E+00	5.455360E+02	6.522268E+02
1.089085E+00	5.537915E+02	6.706786E+02
1.110029E+00	5.574875E+02	6.627070E+02
1.130973E+00	5.735414E+02	6.844386E+02
1.151917E+00	5.889452E+02	6.998602E+02
1.172861E+00	6.029531E+02	7.135992E+02
1.193805E+00	6.084870E+02	7.107887E+02
1.214749E+00	6.248345E+02	7.319881E+02
1.235693E+00	6.297228E+02	7.369219E+02
1.256637E+00	6.396529E+02	7.525424E+02
1.277581E+00	6.540819E+02	7.598137E+02
1.298525E+00	6.581530E+02	7.721511E+02
1.319469E+00	6.704840E+02	7.910699E+02
1.340413E+00	6.771035E+02	7.938932E+02
1.361357E+00	6.931382E+02	8.097158E+02
1.382301E+00	6.992921E+02	8.107475E+02
1.403245E+00	7.015349E+02	8.097194E+02
1.424189E+00	7.138361E+02	8.259701E+02
1.445133E+00	7.220307E+02	8.327205E+02
1.466077E+00	7.295859E+02	8.424898E+02
1.487021E+00	7.434073E+02	8.485139E+02
1.507964E+00	7.467969E+02	8.622781E+02
1.528908E+00	7.484509E+02	8.492569E+02
1.549852E+00	7.594328E+02	8.752745E+02
1.570796E+00	7.703887E+02	8.801556E+02
1.591740E+00	7.676654E+02	8.733998E+02
1.612684E+00	7.806895E+02	8.916562E+02
1.633628E+00	7.897552E+02	9.001873E+02
1.654572E+00	7.867142E+02	8.854910E+02
1.675516E+00	7.943835E+02	8.958010E+02
1.696460E+00	8.061229E+02	9.109774E+02
1.717404E+00	8.063631E+02	9.063927E+02
1.738348E+00	8.064964E+02	9.125420E+02
1.759292E+00	8.102587E+02	9.103671E+02
1.780236E+00	8.207430E+02	9.135332E+02
1.801180E+00	8.180213E+02	9.122974E+02
1.822124E+00	8.228513E+02	9.163246E+02
1.843068E+00	8.364281E+02	9.331360E+02
1.864012E+00	8.327736E+02	9.253785E+02
1.884956E+00	8.341133E+02	9.277033E+02
1.905900E+00	8.409236E+02	9.347571E+02
1.926843E+00	8.403116E+02	9.360894E+02
1.947787E+00	8.438718E+02	9.351935E+02
1.968731E+00	8.454943E+02	9.327444E+02
1.989675E+00	8.500683E+02	9.376769E+02
2.010619E+00	8.528475E+02	9.361390E+02
2.031563E+00	8.501015E+02	9.367304E+02
2.052507E+00	8.613361E+02	9.404348E+02
2.073451E+00	8.590535E+02	9.319224E+02
2.094395E+00	8.701365E+02	9.468665E+02
2.115339E+00	8.566729E+02	9.385984E+02
2.136283E+00	8.674622E+02	9.411242E+02
2.157227E+00	8.702477E+02	9.365257E+02
2.178171E+00	8.735503E+02	9.464702E+02
2.199115E+00	8.737824E+02	9.501913E+02
2.220059E+00	8.757018E+02	9.509324E+02
2.241003E+00	8.743583E+02	9.436622E+02
2.261947E+00	8.845846E+02	9.605702E+02
2.282891E+00	8.831012E+02	9.662615E+02
2.303835E+00	8.849191E+02	9.584000E+02
2.324779E+00	8.816606E+02	9.507233E+02
2.345723E+00	8.890177E+02	9.556627E+02
2.366666E+00	8.976452E+02	9.716992E+02
2.387610E+00	8.984958E+02	9.703066E+02
2.408554E+00	8.977904E+02	9.643190E+02
2.429498E+00	9.508502E+02	1.022786E+03
2.450442E+00	9.502650E+02	1.019856E+03
2.471386E+00	9.537409E+02	1.030624E+03
2.492330E+00	9.613255E+02	1.041396E+03
2.513274E+00	9.628849E+02	1.038478E+03
2.534218E+00	9.704542E+02	1.053902E+03
2.555162E+00	9.701846E+02	1.053337E+03
2.576106E+00	9.830618E+02	1.063898E+03
2.597050E+00	9.840178E+02	1.061663E+03
2.617994E+00	9.877983E+02	1.073367E+03
2.638938E+00	9.929386E+02	1.083755E+03
2.659882E+00	1.003926E+03	1.098355E+03
