2.094395E-02	5.042902E-03	4.826229E-03
4.188790E-02	4.760234E-02	4.772563E-02
6.283185E-02	9.437707E-02	8.754131E-02
8.377580E-02	1.283163E-01	1.382567E-01
1.047198E-01	1.950936E-01	1.982349E-01
1.256637E-01	2.818783E-01	2.777751E-01
1.466077E-01	3.135248E-01	3.355412E-01
1.675516E-01	3.611701E-01	4.001973E-01
1.884956E-01	3.987000E-01	4.511447E-01
2.094395E-01	4.803528E-01	5.044251E-01
2.303835E-01	4.970097E-01	5.463351E-01
2.513274E-01	5.221788E-01	5.575345E-01
2.722714E-01	5.613302E-01	5.931178E-01
2.932153E-01	6.369704E-01	7.127715E-01
3.141593E-01	6.863017E-01	7.277548E-01
3.351032E-01	7.651143E-01	8.227274E-01
3.560472E-01	7.689785E-01	8.540094E-01
3.769911E-01	8.363865E-01	9.039844E-01
3.979351E-01	8.591091E-01	9.230845E-01
4.188790E-01	9.060311E-01	1.029941E+00
4.398230E-01	9.465452E-01	1.016132E+00
4.607669E-01	9.943613E-01	1.076283E+00
4.817109E-01	1.027420E+00	1.117006E+00
5.026548E-01	1.064599E+00	1.156172E+00
5.235988E-01	1.107932E+00	1.275032E+00
5.445427E-01	1.135282E+00	1.296046E+00
5.654867E-01	1.167113E+00	1.263684E+00
5.864306E-01	1.199919E+00	1.336759E+00
6.073746E-01	1.247739E+00	1.361696E+00
6.283185E-01	1.260131E+00	1.404307E+00
6.492625E-01	1.291856E+00	1.438314E+00
6.702064E-01	1.326561E+00	1.481556E+00
6.911504E-01	1.376854E+00	1.583345E+00
7.120943E-01	1.389018E+00	1.575675E+00
7.330383E-01	1.431674E+00	1.586906E+00
7.539822E-01	1.458362E+00	1.643646E+00
7.749262E-01	1.451857E+00	1.646007E+00
7.958701E-01	1.498199E+00	1.700750E+00
8.168141E-01	1.518316E+00	1.696669E+00
8.377580E-01	1.543106E+00	1.742209E+00
8.587020E-01	1.551841E+00	1.718849E+00
8.796459E-01	1.570442E+00	1.777429E+00
9.005899E-01	1.592177E+00	1.793223E+00
9.215338E-01	1.615314E+00	1.823290E+00
9.424778E-01	1.622603E+00	1.801256E+00
9.634217E-01	1.638738E+00	1.878047E+00
9.843657E-01	1.647224E+00	1.852723E+00
1.005310E+00	1.685395E+00	1.920211E+00
1.026254E+00	1.694740E+00	1.912724E+00
1.047198E+00	1.708858E+00	1.943237E+00
1.068142E+00	1.699637E+00	1.948953E+00
1.089085E+00	1.717989E+00	1.917997E+00
1.110029E+00	1.710027E+00	1.936193E+00
1.130973E+00	1.754308E+00	1.986263E+00
1.151917E+00	1.755886E+00	2.001459E+00
1.172861E+00	1.769386E+00	2.010185E+00
1.193805E+00	1.780380E+00	2.049522E+00
1.214749E+00	1.779622E+00	2.027666E+00
1.235693E+00	1.800523E+00	2.026675E+00
1.256637E+00	1.762148E+00	1.982244E+00
1.277581E+00	1.786398E+00	1.997978E+00
1.298525E+00	1.778684E+00	2.000872E+00
1.319469E+00	1.809906E+00	2.051139E+00
1.340413E+00	1.810151E+00	2.049132E+00
1.361357E+00	1.837981E+00	2.083558E+00
1.382301E+00	1.818151E+00	2.056216E+00
1.403245E+00	1.822297E+00	2.079812E+00
1.424189E+00	1.817848E+00	2.055571E+00
1.445133E+00	1.831302E+00	2.077238E+00
1.466077E+00	1.848458E+00	2.101447E+00
1.487021E+00	1.840283E+00	2.103169E+00
1.507964E+00	1.836059E+00	2.079570E+00
1.528908E+00	1.831890E+00	2.062387E+00
1.549852E+00	1.846160E+00	2.088409E+00
1.570796E+00	1.841527E+00	2.046585E+00
1.591740E+00	1.841209E+00	2.062328E+00
1.612684E+00	1.846289E+00	2.065475E+00
1.633628E+00	1.842551E+00	2.073182E+00
1.654572E+00	1.835235E+00	2.052795E+00
1.675516E+00	1.847454E+00	2.069631E+00
1.696460E+00	1.838206E+00	2.069611E+00
1.717404E+00	1.853345E+00	2.082353E+00
1.738348E+00	1.868370E+00	2.087338E+00
1.759292E+00	1.851870E+00	2.058379E+00
1.780236E+00	1.837933E+00	2.038625E+00
1.801180E+00	1.840078E+00	2.041555E+00
1.822124E+00	1.838010E+00	2.045997E+00
1.843068E+00	1.850728E+00	2.049865E+00
1.864012E+00	1.841386E+00	2.037496E+00
1.884956E+00	1.850512E+00	2.057628E+00
1.905900E+00	1.851736E+00	2.044383E+00
1.926843E+00	1.850182E+00	2.042983E+00
1.947787E+00	1.838504E+00	2.017462E+00
1.968731E+00	1.849617E+00	2.052541E+00
1.989675E+00	1.854327E+00	2.054951E+00
2.010619E+00	1.835446E+00	2.015394E+00
2.031563E+00	1.859830E+00	2.047627E+00
2.052507E+00	1.866593E+00	2.061798E+00
2.073451E+00	1.859510E+00	2.038001E+00
2.094395E+00	1.866586E+00	2.041056E+00
2.115339E+00	1.861003E+00	2.041998E+00
2.136283E+00	1.863141E+00	2.032830E+00
2.157227E+00	1.864133E+00	2.039718E+00
2.178171E+00	1.885240E+00	2.067226E+00
2.199115E+00	1.885104E+00	2.071011E+00
2.220059E+00	1.882946E+00	2.057836E+00
2.241003E+00	1.887272E+00	2.060138E+00
2.261947E+00	1.880807E+00	2.042303E+00
2.282891E+00	1.891604E+00	2.061413E+00
2.303835E+00	1.913652E+00	2.088962E+00
2.324779E+00	1.906253E+00	2.064082E+00
2.345723E+00	1.923505E+00	2.094952E+00
2.366666E+00	1.918660E+00	2.083243E+00
2.387610E+00	1.932496E+00	2.109506E+00
2.408554E+00	1.924720E+00	2.087762E+00
2.429498E+00	1.951824E+00	2.123292E+00
2.450442E+00	1.937925E+00	2.086387E+00
2.471386E+00	1.958936E+00	2.128801E+00
2.492330E+00	1.966960E+00	2.127671E+00
2.513274E+00	1.972607E+00	2.147820E+00
2.534218E+00	1.978395E+00	2.147284E+00
2.555162E+00	1.994142E+00	2.171768E+00
2.576106E+00	2.007992E+00	2.197092E+00
2.597050E+00	2.019761E+00	2.224070E+00
2.617994E+00	2.011611E+00	2.200982E+00
2.638938E+00	2.046331E+00	2.250880E+00
2.659882E+00	2.046417E+00	2.243378E+00
