2.094395E-02	2.008857E-02	2.146051E-02
4.188790E-02	2.114899E-01	3.668894E-01
6.283185E-02	5.106839E-01	6.048656E-01
8.377580E-02	9.411011E-01	1.014888E+00
1.047198E-01	1.472511E+00	1.724588E+00
1.256637E-01	2.346371E+00	2.564913E+00
1.466077E-01	3.368140E+00	3.919915E+00
1.675516E-01	4.327918E+00	4.505317E+00
1.884956E-01	5.738474E+00	5.563477E+00
2.094395E-01	7.715135E+00	8.275660E+00
2.303835E-01	8.535637E+00	8.446101E+00
2.513274E-01	9.834570E+00	9.595560E+00
2.722714E-01	1.158718E+01	1.199540E+01
2.932153E-01	1.253152E+01	1.277297E+01
3.141593E-01	1.348560E+01	1.358770E+01
3.351032E-01	1.618699E+01	1.648066E+01
3.560472E-01	1.737199E+01	1.759308E+01
3.769911E-01	1.883610E+01	1.922427E+01
3.979351E-01	1.914769E+01	1.964811E+01
4.188790E-01	2.067255E+01	2.103687E+01
4.398230E-01	2.246985E+01	2.341406E+01
4.607669E-01	2.280078E+01	2.283975E+01
4.817109E-01	2.447952E+01	2.472083E+01
5.026548E-01	2.586071E+01	2.628707E+01
5.235988E-01	2.752156E+01	2.743657E+01
5.445427E-01	2.820167E+01	2.869357E+01
5.654867E-01	2.874577E+01	2.903818E+01
5.864306E-01	2.997105E+01	2.996890E+01
6.073746E-01	3.023060E+01	3.016268E+01
6.283185E-01	3.069607E+01	3.145334E+01
6.492625E-01	3.180729E+01	3.208182E+01
6.702064E-01	3.260852E+01	3.372962E+01
6.911504E-01	3.378645E+01	3.372614E+01
7.120943E-01	3.422747E+01	3.463431E+01
7.330383E-01	3.501211E+01	3.588754E+01
7.539822E-01	3.647302E+01	3.632725E+01
7.749262E-01	3.706129E+01	3.717310E+01
7.958701E-01	3.705213E+01	3.759605E+01
8.168141E-01	3.759715E+01	3.844612E+01
8.377580E-01	3.881969E+01	3.976883E+01
8.587020E-01	3.876760E+01	3.969951E+01
8.796459E-01	3.925617E+01	3.944676E+01
9.005899E-01	3.964139E+01	3.974837E+01
9.215338E-01	4.010009E+01	4.039700E+01
9.424778E-01	4.169108E+01	4.156330E+01
9.634217E-01	4.119413E+01	4.231844E+01
9.843657E-01	4.219830E+01	4.275882E+01
1.005310E+00	4.233629E+01	4.310928E+01
1.026254E+00	4.349325E+01	4.365706E+01
1.047198E+00	4.397248E+01	4.498407E+01
1.068142E+00	4.439311E+01	4.604917E+01
1.089085E+00	4.450942E+01	4.514721E+01
1.110029E+00	4.456634E+01	4.519605E+01
1.130973E+00	4.496307E+01	4.591145E+01
1.151917E+00	4.590665E+01	4.697858E+01
1.172861E+00	4.598846E+01	4.732068E+01
1.193805E+00	4.628834E+01	4.721482E+01
1.214749E+00	4.620106E+01	4.693577E+01
1.235693E+00	4.650523E+01	4.745902E+01
1.256637E+00	4.763521E+01	4.869573E+01
1.277581E+00	4.788894E+01	4.867323E+01
1.298525E+00	4.804174E+01	4.861681E+01
1.319469E+00	4.856610E+01	4.926844E+01
1.340413E+00	4.883418E+01	4.993663E+01
1.361357E+00	4.948866E+01	5.032547E+01
1.382301E+00	5.004183E+01	5.082226E+01
1.403245E+00	4.998619E+01	5.116081E+01
1.424189E+00	5.022223E+01	5.120946E+01
1.445133E+00	5.039767E+01	5.135109E+01
1.466077E+00	5.081567E+01	5.153563E+01
1.487021E+00	5.111707E+01	5.188687E+01
1.507964E+00	5.163008E+01	5.293340E+01
1.528908E+00	5.193025E+01	5.284862E+01
1.549852E+00	5.196014E+01	5.301501E+01
1.570796E+00	5.246846E+01	5.369248E+01
1.591740E+00	5.296286E+01	5.380822E+01
1.612684E+00	5.302774E+01	5.400221E+01
1.633628E+00	5.358475E+01	5.416888E+01
1.654572E+00	5.394185E+01	5.475387E+01
1.675516E+00	5.401752E+01	5.477645E+01
1.696460E+00	5.489085E+01	5.555086E+01
1.717404E+00	5.460645E+01	5.577509E+01
1.738348E+00	5.530152E+01	5.645131E+01
1.759292E+00	5.513715E+01	5.595375E+01
1.780236E+00	5.573693E+01	5.689377E+01
1.801180E+00	5.595653E+01	5.630756E+01
1.822124E+00	5.649408E+01	5.742810E+01
1.843068E+00	5.700075E+01	5.773562E+01
1.864012E+00	5.693324E+01	5.767810E+01
1.884956E+00	5.769575E+01	5.870054E+01
1.905900E+00	5.751630E+01	5.834691E+01
1.926843E+00	5.789173E+01	5.867311E+01
1.947787E+00	5.830882E+01	5.865937E+01
1.968731E+00	5.866420E+01	5.967480E+01
1.989675E+00	5.867943E+01	5.944758E+01
2.010619E+00	5.952422E+01	6.042031E+01
2.031563E+00	6.027581E+01	6.144161E+01
2.052507E+00	6.036351E+01	6.159153E+01
2.073451E+00	6.113720E+01	6.176927E+01
2.094395E+00	6.110889E+01	6.161297E+01
2.115339E+00	6.135177E+01	6.215727E+01
2.136283E+00	6.129431E+01	6.205429E+01
2.157227E+00	6.132694E+01	6.221286E+01
2.178171E+00	6.242763E+01	6.347226E+01
2.199115E+00	6.221868E+01	6.325414E+01
2.220059E+00	6.268272E+01	6.399396E+01
2.241003E+00	6.286661E+01	6.390980E+01
2.261947E+00	6.361003E+01	6.472064E+01
2.282891E+00	6.377671E+01	6.485023E+01
2.303835E+00	6.357754E+01	6.443548E+01
2.324779E+00	6.378697E+01	6.476483E+01
2.345723E+00	6.452411E+01	6.591763E+01
2.366666E+00	6.474459E+01	6.618491E+01
2.387610E+00	6.491083E+01	6.582329E+01
2.408554E+00	6.684781E+01	6.831928E+01
2.429498E+00	8.850345E+01	9.098060E+01
2.450442E+00	8.960781E+01	9.316307E+01
2.471386E+00	9.039477E+01	9.440211E+01
2.492330E+00	9.081405E+01	9.497614E+01
2.513274E+00	9.078370E+01	9.428323E+01
2.534218E+00	9.209453E+01	9.608225E+01
2.555162E+00	9.209866E+01	9.613693E+01
2.576106E+00	9.366668E+01	9.775514E+01
2.597050E+00	9.427204E+01	9.892620E+01
2.617994E+00	9.480989E+01	9.947424E+01
2.638938E+00	9.571415E+01	1.001676E+02
2.659882E+00	9.560889E+01	1.013009E+02
