2.094395E-02	3.401942E+00	3.249830E+00
4.188790E-02	1.879520E+01	2.400394E+01
6.283185E-02	2.516702E+01	3.078776E+01
8.377580E-02	3.152675E+01	4.050330E+01
1.047198E-01	4.089455E+01	5.451798E+01
1.256637E-01	5.470428E+01	6.928494E+01
1.466077E-01	6.299702E+01	8.726227E+01
1.675516E-01	7.425453E+01	1.042538E+02
1.884956E-01	8.062765E+01	1.093891E+02
2.094395E-01	9.892848E+01	1.316411E+02
2.303835E-01	1.009511E+02	1.322182E+02
2.513274E-01	1.165303E+02	1.524823E+02
2.722714E-01	1.272832E+02	1.678442E+02
2.932153E-01	1.411069E+02	1.859560E+02
3.141593E-01	1.466652E+02	1.860185E+02
3.351032E-01	1.726635E+02	2.326182E+02
3.560472E-01	1.782158E+02	2.257781E+02
3.769911E-01	1.869662E+02	2.397467E+02
3.979351E-01	1.958482E+02	2.426827E+02
4.188790E-01	2.008037E+02	2.519314E+02
4.398230E-01	2.144879E+02	2.667921E+02
4.607669E-01	2.306949E+02	2.897932E+02
4.817109E-01	2.428230E+02	2.902695E+02
5.026548E-01	2.465026E+02	3.094327E+02
5.235988E-01	2.606782E+02	3.253769E+02
5.445427E-01	2.623287E+02	3.189095E+02
5.654867E-01	2.813245E+02	3.406900E+02
5.864306E-01	2.861371E+02	3.448566E+02
6.073746E-01	2.910244E+02	3.535378E+02
6.283185E-01	3.089788E+02	3.757393E+02
6.492625E-01	3.092045E+02	3.768157E+02
6.702064E-01	3.266682E+02	4.023463E+02
6.911504E-01	3.233310E+02	3.918044E+02
7.120943E-01	3.430557E+02	4.220672E+02
7.330383E-01	3.579218E+02	4.318168E+02
7.539822E-01	3.650305E+02	4.332677E+02
7.749262E-01	3.753873E+02	4.440911E+02
7.958701E-01	3.802281E+02	4.500265E+02
8.168141E-01	3.895708E+02	4.567949E+02
8.377580E-01	3.995009E+02	4.703661E+02
8.587020E-01	4.029078E+02	4.656555E+02
8.796459E-01	4.296489E+02	5.020843E+02
9.005899E-01	4.303552E+02	5.025898E+02
9.215338E-01	4.411800E+02	5.039995E+02
9.424778E-01	4.483595E+02	5.174941E+02
9.634217E-01	4.590887E+02	5.286178E+02
9.843657E-01	4.669994E+02	5.350288E+02
1.005310E+00	4.836450E+02	5.420285E+02
1.026254E+00	4.969842E+02	5.628979E+02
1.047198E+00	5.038081E+02	5.775522E+02
1.068142E+00	5.127358E+02	5.782921E+02
1.089085E+00	5.193944E+02	5.910641E+02
1.110029E+00	5.231551E+02	5.849408E+02
1.130973E+00	5.356014E+02	6.015243E+02
1.151917E+00	5.459794E+02	6.053646E+02
1.172861E+00	5.572932E+02	6.190156E+02
1.193805E+00	5.607391E+02	6.161849E+02
1.214749E+00	5.731123E+02	6.259401E+02
1.235693E+00	5.778596E+02	6.355715E+02
1.256637E+00	5.815457E+02	6.324649E+02
1.277581E+00	5.941001E+02	6.428990E+02
1.298525E+00	5.929563E+02	6.461710E+02
1.319469E+00	6.035084E+02	6.570017E+02
1.340413E+00	6.032622E+02	6.525128E+02
1.361357E+00	6.185902E+02	6.669774E+02
1.382301E+00	6.216161E+02	6.604886E+02
1.403245E+00	6.216659E+02	6.608441E+02
1.424189E+00	6.281172E+02	6.691573E+02
1.445133E+00	6.328622E+02	6.704739E+02
1.466077E+00	6.384881E+02	6.750246E+02
1.487021E+00	6.427435E+02	6.790788E+02
1.507964E+00	6.459021E+02	6.803607E+02
1.528908E+00	6.476680E+02	6.758834E+02
1.549852E+00	6.521431E+02	6.833747E+02
1.570796E+00	6.588668E+02	6.891771E+02
1.591740E+00	6.548433E+02	6.838133E+02
1.612684E+00	6.623276E+02	6.910634E+02
1.633628E+00	6.666089E+02	6.986136E+02
1.654572E+00	6.636586E+02	6.904516E+02
1.675516E+00	6.648427E+02	6.902320E+02
1.696460E+00	6.698018E+02	6.946437E+02
1.717404E+00	6.696087E+02	6.946664E+02
1.738348E+00	6.676649E+02	6.958790E+02
1.759292E+00	6.686811E+02	6.934210E+02
1.780236E+00	6.734849E+02	6.942110E+02
1.801180E+00	6.714859E+02	6.953238E+02
1.822124E+00	6.704436E+02	6.978587E+02
1.843068E+00	6.765949E+02	7.048023E+02
1.864012E+00	6.741976E+02	7.032431E+02
1.884956E+00	6.721915E+02	7.006473E+02
1.905900E+00	6.748006E+02	7.057073E+02
1.926843E+00	6.719734E+02	7.029424E+02
1.947787E+00	6.708631E+02	7.042462E+02
1.968731E+00	6.727470E+02	7.082825E+02
1.989675E+00	6.727903E+02	7.107504E+02
2.010619E+00	6.758960E+02	7.121148E+02
2.031563E+00	6.725089E+02	7.111050E+02
2.052507E+00	6.749364E+02	7.121960E+02
2.073451E+00	6.735531E+02	7.112932E+02
2.094395E+00	6.753617E+02	7.213853E+02
2.115339E+00	6.700971E+02	7.167452E+02
2.136283E+00	6.726202E+02	7.194663E+02
2.157227E+00	6.732376E+02	7.202835E+02
2.178171E+00	6.747788E+02	7.285577E+02
2.199115E+00	6.745540E+02	7.321508E+02
2.220059E+00	6.727842E+02	7.330841E+02
2.241003E+00	6.707578E+02	7.342486E+02
2.261947E+00	6.763351E+02	7.438185E+02
2.282891E+00	6.755999E+02	7.556002E+02
2.303835E+00	6.742166E+02	7.496927E+02
2.324779E+00	6.715385E+02	7.483398E+02
2.345723E+00	6.735958E+02	7.493060E+02
2.366666E+00	6.781291E+02	7.652294E+02
2.387610E+00	6.813184E+02	7.705005E+02
2.408554E+00	6.795130E+02	7.737454E+02
2.429498E+00	7.121221E+02	8.139806E+02
2.450442E+00	7.112758E+02	8.177497E+02
2.471386E+00	7.153564E+02	8.275274E+02
2.492330E+00	7.189176E+02	8.367992E+02
2.513274E+00	7.205076E+02	8.391648E+02
2.534218E+00	7.227252E+02	8.492199E+02
2.555162E+00	7.253775E+02	8.542070E+02
2.576106E+00	7.284936E+02	8.599694E+02
2.597050E+00	7.318463E+02	8.697577E+02
2.617994E+00	7.370688E+02	8.830322E+02
2.638938E+00	7.373131E+02	8.928197E+02
2.659882E+00	7.454015E+02	9.064998E+02
