2.094395E-02	4.455604E-03	4.228532E-03
4.188790E-02	4.212160E-02	4.218363E-02
6.283185E-02	8.362048E-02	7.733920E-02
8.377580E-02	1.132204E-01	1.219327E-01
1.047198E-01	1.723970E-01	1.753967E-01
1.256637E-01	2.491636E-01	2.456928E-01
1.466077E-01	2.767037E-01	2.954123E-01
1.675516E-01	3.190776E-01	3.531131E-01
1.884956E-01	3.520564E-01	3.989177E-01
2.094395E-01	4.237491E-01	4.444766E-01
2.303835E-01	4.379088E-01	4.813996E-01
2.513274E-01	4.596334E-01	4.892986E-01
2.722714E-01	4.951553E-01	5.237383E-01
2.932153E-01	5.605564E-01	6.266271E-01
3.141593E-01	6.044538E-01	6.403205E-01
3.351032E-01	6.728870E-01	7.226867E-01
3.560472E-01	6.757599E-01	7.491027E-01
3.769911E-01	7.348255E-01	7.928604E-01
3.979351E-01	7.549407E-01	8.077881E-01
4.188790E-01	7.936036E-01	8.991184E-01
4.398230E-01	8.306104E-01	8.884035E-01
4.607669E-01	8.714248E-01	9.406567E-01
4.817109E-01	9.029101E-01	9.814196E-01
5.026548E-01	9.330834E-01	1.011359E+00
5.235988E-01	9.726669E-01	1.115778E+00
5.445427E-01	9.959080E-01	1.133801E+00
5.654867E-01	1.024950E+00	1.109523E+00
5.864306E-01	1.050806E+00	1.168933E+00
6.073746E-01	1.091740E+00	1.187860E+00
6.283185E-01	1.103974E+00	1.227423E+00
6.492625E-01	1.134983E+00	1.256542E+00
6.702064E-01	1.162580E+00	1.294484E+00
6.911504E-01	1.205846E+00	1.382733E+00
7.120943E-01	1.217524E+00	1.377334E+00
7.330383E-01	1.255445E+00	1.389330E+00
7.539822E-01	1.276082E+00	1.427567E+00
7.749262E-01	1.274347E+00	1.441865E+00
7.958701E-01	1.312414E+00	1.485305E+00
8.168141E-01	1.329577E+00	1.478075E+00
8.377580E-01	1.352568E+00	1.524053E+00
8.587020E-01	1.360000E+00	1.501364E+00
8.796459E-01	1.378528E+00	1.547486E+00
9.005899E-01	1.395579E+00	1.557949E+00
9.215338E-01	1.413187E+00	1.589168E+00
9.424778E-01	1.422912E+00	1.574614E+00
9.634217E-01	1.436499E+00	1.639437E+00
9.843657E-01	1.444508E+00	1.624942E+00
1.005310E+00	1.477983E+00	1.678821E+00
1.026254E+00	1.485904E+00	1.670524E+00
1.047198E+00	1.500732E+00	1.700630E+00
1.068142E+00	1.493779E+00	1.702517E+00
1.089085E+00	1.508649E+00	1.680089E+00
1.110029E+00	1.498693E+00	1.693567E+00
1.130973E+00	1.536878E+00	1.734632E+00
1.151917E+00	1.539152E+00	1.749120E+00
1.172861E+00	1.552357E+00	1.761695E+00
1.193805E+00	1.560011E+00	1.795157E+00
1.214749E+00	1.561332E+00	1.770321E+00
1.235693E+00	1.580203E+00	1.773338E+00
1.256637E+00	1.546482E+00	1.732570E+00
1.277581E+00	1.569404E+00	1.756124E+00
1.298525E+00	1.564201E+00	1.758170E+00
1.319469E+00	1.585115E+00	1.789469E+00
1.340413E+00	1.589903E+00	1.793501E+00
1.361357E+00	1.608244E+00	1.813896E+00
1.382301E+00	1.595274E+00	1.804552E+00
1.403245E+00	1.598918E+00	1.824036E+00
1.424189E+00	1.594480E+00	1.802806E+00
1.445133E+00	1.603157E+00	1.818060E+00
1.466077E+00	1.616784E+00	1.834707E+00
1.487021E+00	1.615398E+00	1.840270E+00
1.507964E+00	1.613782E+00	1.821475E+00
1.528908E+00	1.611574E+00	1.813064E+00
1.549852E+00	1.625292E+00	1.835959E+00
1.570796E+00	1.619109E+00	1.801800E+00
1.591740E+00	1.615595E+00	1.812814E+00
1.612684E+00	1.622670E+00	1.820548E+00
1.633628E+00	1.618399E+00	1.821203E+00
1.654572E+00	1.611801E+00	1.802077E+00
1.675516E+00	1.623494E+00	1.817629E+00
1.696460E+00	1.614351E+00	1.820550E+00
1.717404E+00	1.628162E+00	1.829641E+00
1.738348E+00	1.641848E+00	1.833853E+00
1.759292E+00	1.629632E+00	1.811379E+00
1.780236E+00	1.617078E+00	1.791241E+00
1.801180E+00	1.616118E+00	1.785194E+00
1.822124E+00	1.620812E+00	1.816318E+00
1.843068E+00	1.626090E+00	1.802349E+00
1.864012E+00	1.616877E+00	1.783965E+00
1.884956E+00	1.631209E+00	1.813947E+00
1.905900E+00	1.627430E+00	1.793210E+00
1.926843E+00	1.627085E+00	1.790185E+00
1.947787E+00	1.621018E+00	1.782200E+00
1.968731E+00	1.626481E+00	1.810310E+00
1.989675E+00	1.628637E+00	1.806723E+00
2.010619E+00	1.619011E+00	1.783882E+00
2.031563E+00	1.634768E+00	1.801120E+00
2.052507E+00	1.642237E+00	1.815311E+00
2.073451E+00	1.632951E+00	1.791271E+00
2.094395E+00	1.641628E+00	1.800767E+00
2.115339E+00	1.640471E+00	1.805181E+00
2.136283E+00	1.637541E+00	1.796208E+00
2.157227E+00	1.633370E+00	1.786651E+00
2.178171E+00	1.655956E+00	1.819216E+00
2.199115E+00	1.652620E+00	1.823303E+00
2.220059E+00	1.656711E+00	1.808587E+00
2.241003E+00	1.659932E+00	1.814924E+00
2.261947E+00	1.653577E+00	1.801084E+00
2.282891E+00	1.665837E+00	1.818496E+00
2.303835E+00	1.681155E+00	1.837933E+00
2.324779E+00	1.677319E+00	1.832285E+00
2.345723E+00	1.685145E+00	1.841514E+00
2.366666E+00	1.685473E+00	1.840597E+00
2.387610E+00	1.698596E+00	1.858855E+00
2.408554E+00	1.686133E+00	1.846744E+00
2.429498E+00	1.710980E+00	1.869637E+00
2.450442E+00	1.702697E+00	1.842375E+00
2.471386E+00	1.721351E+00	1.883011E+00
2.492330E+00	1.726489E+00	1.869445E+00
2.513274E+00	1.735536E+00	1.892297E+00
2.534218E+00	1.742179E+00	1.891256E+00
2.555162E+00	1.751452E+00	1.899459E+00
2.576106E+00	1.765357E+00	1.932902E+00
2.597050E+00	1.769110E+00	1.952587E+00
2.617994E+00	1.760166E+00	1.931869E+00
2.638938E+00	1.792334E+00	1.981864E+00
2.659882E+00	1.794659E+00	1.968116E+00
