2.094395E-02	1.424777E-01	1.592224E-01
4.188790E-02	1.394571E+00	1.733277E+00
6.283185E-02	2.724599E+00	2.956923E+00
8.377580E-02	3.771086E+00	4.501888E+00
1.047198E-01	5.658001E+00	6.649062E+00
1.256637E-01	7.940192E+00	8.962984E+00
1.466077E-01	8.993845E+00	1.090335E+01
1.675516E-01	1.026435E+01	1.311665E+01
1.884956E-01	1.127092E+01	1.432397E+01
2.094395E-01	1.333985E+01	1.621179E+01
2.303835E-01	1.344178E+01	1.664730E+01
2.513274E-01	1.458416E+01	1.788415E+01
2.722714E-01	1.587032E+01	1.982628E+01
2.932153E-01	1.722439E+01	2.187627E+01
3.141593E-01	1.820817E+01	2.165869E+01
3.351032E-01	2.055197E+01	2.582965E+01
3.560472E-01	2.051668E+01	2.516998E+01
3.769911E-01	2.186859E+01	2.677174E+01
3.979351E-01	2.248521E+01	2.666030E+01
4.188790E-01	2.282179E+01	2.776071E+01
4.398230E-01	2.397599E+01	2.859044E+01
4.607669E-01	2.564701E+01	3.098841E+01
4.817109E-01	2.674544E+01	3.165027E+01
5.026548E-01	2.657325E+01	3.229886E+01
5.235988E-01	2.814001E+01	3.475896E+01
5.445427E-01	2.804754E+01	3.374172E+01
5.654867E-01	2.944531E+01	3.495871E+01
5.864306E-01	2.987772E+01	3.538319E+01
6.073746E-01	3.025349E+01	3.599977E+01
6.283185E-01	3.194887E+01	3.887961E+01
6.492625E-01	3.155905E+01	3.789266E+01
6.702064E-01	3.306601E+01	4.027176E+01
6.911504E-01	3.269987E+01	3.894755E+01
7.120943E-01	3.441506E+01	4.182168E+01
7.330383E-01	3.544562E+01	4.237027E+01
7.539822E-01	3.584461E+01	4.279070E+01
7.749262E-01	3.639272E+01	4.296362E+01
7.958701E-01	3.698368E+01	4.361060E+01
8.168141E-01	3.719553E+01	4.308402E+01
8.377580E-01	3.835713E+01	4.572110E+01
8.587020E-01	3.841885E+01	4.473690E+01
8.796459E-01	4.060595E+01	4.746735E+01
9.005899E-01	4.039221E+01	4.811075E+01
9.215338E-01	4.118327E+01	4.787445E+01
9.424778E-01	4.189828E+01	4.911638E+01
9.634217E-01	4.234085E+01	4.990873E+01
9.843657E-01	4.283749E+01	5.036043E+01
1.005310E+00	4.460879E+01	5.128790E+01
1.026254E+00	4.531588E+01	5.242598E+01
1.047198E+00	4.600649E+01	5.410361E+01
1.068142E+00	4.632964E+01	5.416955E+01
1.089085E+00	4.659118E+01	5.482953E+01
1.110029E+00	4.670202E+01	5.394765E+01
1.130973E+00	4.778305E+01	5.563408E+01
1.151917E+00	4.874124E+01	5.645087E+01
1.172861E+00	4.964455E+01	5.757761E+01
1.193805E+00	4.985585E+01	5.648524E+01
1.214749E+00	5.073780E+01	5.822848E+01
1.235693E+00	5.094298E+01	5.828912E+01
1.256637E+00	5.117637E+01	5.859351E+01
1.277581E+00	5.234366E+01	5.991327E+01
1.298525E+00	5.241534E+01	5.987583E+01
1.319469E+00	5.288716E+01	6.118087E+01
1.340413E+00	5.309482E+01	6.053481E+01
1.361357E+00	5.454572E+01	6.192027E+01
1.382301E+00	5.464726E+01	6.167294E+01
1.403245E+00	5.458757E+01	6.200425E+01
1.424189E+00	5.539870E+01	6.297445E+01
1.445133E+00	5.556496E+01	6.296479E+01
1.466077E+00	5.627777E+01	6.351179E+01
1.487021E+00	5.677395E+01	6.394777E+01
1.507964E+00	5.694882E+01	6.416639E+01
1.528908E+00	5.724169E+01	6.401723E+01
1.549852E+00	5.787745E+01	6.518776E+01
1.570796E+00	5.810101E+01	6.540676E+01
1.591740E+00	5.823385E+01	6.509299E+01
1.612684E+00	5.841213E+01	6.519998E+01
1.633628E+00	5.859402E+01	6.543186E+01
1.654572E+00	5.904520E+01	6.545935E+01
1.675516E+00	5.940458E+01	6.550741E+01
1.696460E+00	5.962472E+01	6.629590E+01
1.717404E+00	5.966731E+01	6.585492E+01
1.738348E+00	5.994059E+01	6.636960E+01
1.759292E+00	5.963460E+01	6.572583E+01
1.780236E+00	6.066575E+01	6.631513E+01
1.801180E+00	6.051294E+01	6.627247E+01
1.822124E+00	6.047691E+01	6.666817E+01
1.843068E+00	6.130985E+01	6.741048E+01
1.864012E+00	6.129344E+01	6.687988E+01
1.884956E+00	6.121670E+01	6.638987E+01
1.905900E+00	6.117746E+01	6.699960E+01
1.926843E+00	6.114755E+01	6.681709E+01
1.947787E+00	6.116075E+01	6.704609E+01
1.968731E+00	6.142500E+01	6.690578E+01
1.989675E+00	6.160559E+01	6.646072E+01
2.010619E+00	6.210212E+01	6.774855E+01
2.031563E+00	6.178542E+01	6.715394E+01
2.052507E+00	6.218421E+01	6.661702E+01
2.073451E+00	6.200956E+01	6.637079E+01
2.094395E+00	6.235821E+01	6.696835E+01
2.115339E+00	6.203356E+01	6.690648E+01
2.136283E+00	6.231591E+01	6.676147E+01
2.157227E+00	6.262355E+01	6.687458E+01
2.178171E+00	6.291101E+01	6.759911E+01
2.199115E+00	6.285299E+01	6.755658E+01
2.220059E+00	6.288661E+01	6.707527E+01
2.241003E+00	6.251273E+01	6.677330E+01
2.261947E+00	6.335971E+01	6.770066E+01
2.282891E+00	6.320169E+01	6.828416E+01
2.303835E+00	6.347103E+01	6.804991E+01
2.324779E+00	6.331431E+01	6.789084E+01
2.345723E+00	6.326611E+01	6.657260E+01
2.366666E+00	6.390728E+01	6.841273E+01
2.387610E+00	6.442802E+01	6.832661E+01
2.408554E+00	6.429497E+01	6.897941E+01
2.429498E+00	6.958198E+01	7.427049E+01
2.450442E+00	6.950822E+01	7.390202E+01
2.471386E+00	7.017188E+01	7.475318E+01
2.492330E+00	7.004036E+01	7.474855E+01
2.513274E+00	7.013507E+01	7.445810E+01
2.534218E+00	7.076995E+01	7.611085E+01
2.555162E+00	7.097404E+01	7.571585E+01
2.576106E+00	7.128700E+01	7.647204E+01
2.597050E+00	7.173594E+01	7.668091E+01
2.617994E+00	7.194709E+01	7.744742E+01
2.638938E+00	7.198528E+01	7.783629E+01
2.659882E+00	7.319945E+01	7.927960E+01
