2.094395E-02	1.352784E-01	1.478777E-01
4.188790E-02	1.320468E+00	1.609631E+00
6.283185E-02	2.592661E+00	2.756169E+00
8.377580E-02	3.580153E+00	4.233569E+00
1.047198E-01	5.367669E+00	6.195908E+00
1.256637E-01	7.589195E+00	8.458148E+00
1.466077E-01	8.595030E+00	1.022478E+01
1.675516E-01	9.804844E+00	1.231913E+01
1.884956E-01	1.083385E+01	1.367562E+01
2.094395E-01	1.290033E+01	1.530529E+01
2.303835E-01	1.295090E+01	1.568046E+01
2.513274E-01	1.397306E+01	1.682394E+01
2.722714E-01	1.525923E+01	1.857646E+01
2.932153E-01	1.653125E+01	2.062710E+01
3.141593E-01	1.757755E+01	2.059559E+01
3.351032E-01	1.982520E+01	2.422827E+01
3.560472E-01	1.966760E+01	2.361415E+01
3.769911E-01	2.111601E+01	2.512553E+01
3.979351E-01	2.159208E+01	2.503210E+01
4.188790E-01	2.213419E+01	2.660936E+01
4.398230E-01	2.318596E+01	2.713947E+01
4.607669E-01	2.480917E+01	2.925975E+01
4.817109E-01	2.551424E+01	2.940666E+01
5.026548E-01	2.562456E+01	3.025681E+01
5.235988E-01	2.683854E+01	3.209007E+01
5.445427E-01	2.722915E+01	3.185673E+01
5.654867E-01	2.827984E+01	3.299691E+01
5.864306E-01	2.870873E+01	3.336732E+01
6.073746E-01	2.908147E+01	3.411692E+01
6.283185E-01	3.051475E+01	3.592638E+01
6.492625E-01	3.053448E+01	3.545289E+01
6.702064E-01	3.186508E+01	3.767179E+01
6.911504E-01	3.170129E+01	3.673886E+01
7.120943E-01	3.329636E+01	3.980477E+01
7.330383E-01	3.404136E+01	3.953302E+01
7.539822E-01	3.429190E+01	3.991402E+01
7.749262E-01	3.512205E+01	4.094740E+01
7.958701E-01	3.564321E+01	4.111103E+01
8.168141E-01	3.601158E+01	4.111003E+01
8.377580E-01	3.666068E+01	4.227827E+01
8.587020E-01	3.693546E+01	4.177083E+01
8.796459E-01	3.907573E+01	4.447112E+01
9.005899E-01	3.870729E+01	4.427596E+01
9.215338E-01	3.908473E+01	4.411157E+01
9.424778E-01	3.945046E+01	4.434312E+01
9.634217E-01	4.021384E+01	4.549897E+01
9.843657E-01	4.088030E+01	4.623901E+01
1.005310E+00	4.185047E+01	4.635578E+01
1.026254E+00	4.268564E+01	4.770177E+01
1.047198E+00	4.308685E+01	4.894635E+01
1.068142E+00	4.317768E+01	4.904011E+01
1.089085E+00	4.373142E+01	4.914507E+01
1.110029E+00	4.361751E+01	4.865561E+01
1.130973E+00	4.422068E+01	4.935861E+01
1.151917E+00	4.461119E+01	4.949808E+01
1.172861E+00	4.536501E+01	5.002389E+01
1.193805E+00	4.565710E+01	5.015391E+01
1.214749E+00	4.626410E+01	5.008477E+01
1.235693E+00	4.641587E+01	5.091824E+01
1.256637E+00	4.651153E+01	5.063931E+01
1.277581E+00	4.704346E+01	5.116022E+01
1.298525E+00	4.692472E+01	5.082876E+01
1.319469E+00	4.728820E+01	5.141871E+01
1.340413E+00	4.734147E+01	5.082206E+01
1.361357E+00	4.788779E+01	5.170539E+01
1.382301E+00	4.823604E+01	5.160272E+01
1.403245E+00	4.749030E+01	5.078289E+01
1.424189E+00	4.815225E+01	5.149714E+01
1.445133E+00	4.798054E+01	5.119494E+01
1.466077E+00	4.825536E+01	5.146539E+01
1.487021E+00	4.876750E+01	5.161082E+01
1.507964E+00	4.859349E+01	5.151054E+01
1.528908E+00	4.820427E+01	5.108683E+01
1.549852E+00	4.861204E+01	5.145812E+01
1.570796E+00	4.846486E+01	5.122900E+01
1.591740E+00	4.806681E+01	5.061705E+01
1.612684E+00	4.834870E+01	5.095542E+01
1.633628E+00	4.849855E+01	5.086346E+01
1.654572E+00	4.841047E+01	5.031337E+01
1.675516E+00	4.828335E+01	5.034421E+01
1.696460E+00	4.831576E+01	5.033246E+01
1.717404E+00	4.813346E+01	5.047130E+01
1.738348E+00	4.810042E+01	5.011424E+01
1.759292E+00	4.802662E+01	5.010451E+01
1.780236E+00	4.805871E+01	4.958880E+01
1.801180E+00	4.787908E+01	4.994186E+01
1.822124E+00	4.776628E+01	5.008953E+01
1.843068E+00	4.787301E+01	4.981412E+01
1.864012E+00	4.772493E+01	4.973561E+01
1.884956E+00	4.772344E+01	5.026683E+01
1.905900E+00	4.738319E+01	4.992894E+01
1.926843E+00	4.709670E+01	4.951218E+01
1.947787E+00	4.720064E+01	4.986902E+01
1.968731E+00	4.726280E+01	4.984497E+01
1.989675E+00	4.705717E+01	4.975661E+01
2.010619E+00	4.698803E+01	4.966765E+01
2.031563E+00	4.670782E+01	4.947799E+01
2.052507E+00	4.702347E+01	4.997876E+01
2.073451E+00	4.680149E+01	4.948518E+01
2.094395E+00	4.697378E+01	5.027487E+01
2.115339E+00	4.618041E+01	4.955215E+01
2.136283E+00	4.648603E+01	5.000103E+01
2.157227E+00	4.626286E+01	4.974856E+01
2.178171E+00	4.654803E+01	5.036390E+01
2.199115E+00	4.622817E+01	5.026385E+01
2.220059E+00	4.619613E+01	5.016041E+01
2.241003E+00	4.587098E+01	4.968655E+01
2.261947E+00	4.612355E+01	5.059679E+01
2.282891E+00	4.604108E+01	5.123961E+01
2.303835E+00	4.608547E+01	5.107263E+01
2.324779E+00	4.574481E+01	5.076338E+01
2.345723E+00	4.585460E+01	5.104243E+01
2.366666E+00	4.615687E+01	5.182038E+01
2.387610E+00	4.613423E+01	5.150026E+01
2.408554E+00	4.610082E+01	5.193783E+01
2.429498E+00	4.746778E+01	5.380510E+01
2.450442E+00	4.748436E+01	5.426908E+01
2.471386E+00	4.781450E+01	5.509804E+01
2.492330E+00	4.779116E+01	5.527228E+01
2.513274E+00	4.775330E+01	5.528275E+01
2.534218E+00	4.812205E+01	5.647161E+01
2.555162E+00	4.827840E+01	5.652517E+01
2.576106E+00	4.823569E+01	5.690099E+01
2.597050E+00	4.845907E+01	5.695522E+01
2.617994E+00	4.872311E+01	5.840254E+01
2.638938E+00	4.901615E+01	5.883680E+01
2.659882E+00	4.924882E+01	5.946735E+01
