2.094395E-02	9.651333E-02	1.023326E-01
4.188790E-02	9.120195E-01	1.085686E+00
6.283185E-02	1.796709E+00	1.866775E+00
8.377580E-02	2.473640E+00	2.908116E+00
1.047198E-01	3.746581E+00	4.247307E+00
1.256637E-01	5.270559E+00	5.768272E+00
1.466077E-01	6.021550E+00	7.099951E+00
1.675516E-01	6.854771E+00	8.471991E+00
1.884956E-01	7.569510E+00	9.351140E+00
2.094395E-01	9.091717E+00	1.066078E+01
2.303835E-01	9.385344E+00	1.131324E+01
2.513274E-01	1.013167E+01	1.180181E+01
2.722714E-01	1.100116E+01	1.309066E+01
2.932153E-01	1.260788E+01	1.532034E+01
3.141593E-01	1.348348E+01	1.566520E+01
3.351032E-01	1.523682E+01	1.842108E+01
3.560472E-01	1.532255E+01	1.864297E+01
3.769911E-01	1.677749E+01	2.018340E+01
3.979351E-01	1.770921E+01	2.096683E+01
4.188790E-01	1.855147E+01	2.292958E+01
4.398230E-01	1.969757E+01	2.317487E+01
4.607669E-01	2.073196E+01	2.463446E+01
4.817109E-01	2.217989E+01	2.642969E+01
5.026548E-01	2.300288E+01	2.733479E+01
5.235988E-01	2.424429E+01	3.058253E+01
5.445427E-01	2.497511E+01	3.010366E+01
5.654867E-01	2.642269E+01	3.167367E+01
5.864306E-01	2.725194E+01	3.284400E+01
6.073746E-01	2.872842E+01	3.393982E+01
6.283185E-01	2.914253E+01	3.534965E+01
6.492625E-01	3.022477E+01	3.612116E+01
6.702064E-01	3.101413E+01	3.736355E+01
6.911504E-01	3.300603E+01	4.095110E+01
7.120943E-01	3.314154E+01	3.990063E+01
7.330383E-01	3.472613E+01	4.184565E+01
7.539822E-01	3.539505E+01	4.220560E+01
7.749262E-01	3.579598E+01	4.361743E+01
7.958701E-01	3.708797E+01	4.497659E+01
8.168141E-01	3.787767E+01	4.490146E+01
8.377580E-01	3.881085E+01	4.576527E+01
8.587020E-01	3.946084E+01	4.638817E+01
8.796459E-01	4.028803E+01	4.827421E+01
9.005899E-01	4.129683E+01	4.857150E+01
9.215338E-01	4.152135E+01	4.914747E+01
9.424778E-01	4.183762E+01	4.936170E+01
9.634217E-01	4.261020E+01	5.026765E+01
9.843657E-01	4.349984E+01	5.120076E+01
1.005310E+00	4.453551E+01	5.301763E+01
1.026254E+00	4.512595E+01	5.270171E+01
1.047198E+00	4.559790E+01	5.318204E+01
1.068142E+00	4.562904E+01	5.315245E+01
1.089085E+00	4.614385E+01	5.335076E+01
1.110029E+00	4.639583E+01	5.365809E+01
1.130973E+00	4.741870E+01	5.504875E+01
1.151917E+00	4.798540E+01	5.546641E+01
1.172861E+00	4.838041E+01	5.630187E+01
1.193805E+00	4.858952E+01	5.649134E+01
1.214749E+00	4.901488E+01	5.601064E+01
1.235693E+00	4.996417E+01	5.594241E+01
1.256637E+00	4.930849E+01	5.575812E+01
1.277581E+00	4.930475E+01	5.554454E+01
1.298525E+00	4.984053E+01	5.587579E+01
1.319469E+00	5.055622E+01	5.735326E+01
1.340413E+00	5.076128E+01	5.640463E+01
1.361357E+00	5.102407E+01	5.675057E+01
1.382301E+00	5.106197E+01	5.689464E+01
1.403245E+00	5.118310E+01	5.692344E+01
1.424189E+00	5.100401E+01	5.644139E+01
1.445133E+00	5.151416E+01	5.662236E+01
1.466077E+00	5.195369E+01	5.735535E+01
1.487021E+00	5.155619E+01	5.687933E+01
1.507964E+00	5.200467E+01	5.675216E+01
1.528908E+00	5.172258E+01	5.667472E+01
1.549852E+00	5.233160E+01	5.698164E+01
1.570796E+00	5.255592E+01	5.682298E+01
1.591740E+00	5.209618E+01	5.600688E+01
1.612684E+00	5.224808E+01	5.619474E+01
1.633628E+00	5.256526E+01	5.631437E+01
1.654572E+00	5.252843E+01	5.620845E+01
1.675516E+00	5.244797E+01	5.604304E+01
1.696460E+00	5.250108E+01	5.622581E+01
1.717404E+00	5.298625E+01	5.649863E+01
1.738348E+00	5.273160E+01	5.614751E+01
1.759292E+00	5.246496E+01	5.579305E+01
1.780236E+00	5.247411E+01	5.542916E+01
1.801180E+00	5.265638E+01	5.582456E+01
1.822124E+00	5.252135E+01	5.591305E+01
1.843068E+00	5.277925E+01	5.542088E+01
1.864012E+00	5.280401E+01	5.562639E+01
1.884956E+00	5.272830E+01	5.575595E+01
1.905900E+00	5.275833E+01	5.576187E+01
1.926843E+00	5.249328E+01	5.554535E+01
1.947787E+00	5.234006E+01	5.523435E+01
1.968731E+00	5.257463E+01	5.568149E+01
1.989675E+00	5.296986E+01	5.583850E+01
2.010619E+00	5.260938E+01	5.515701E+01
2.031563E+00	5.276972E+01	5.578771E+01
2.052507E+00	5.288273E+01	5.569325E+01
2.073451E+00	5.307211E+01	5.598710E+01
2.094395E+00	5.323033E+01	5.638605E+01
2.115339E+00	5.330189E+01	5.660669E+01
2.136283E+00	5.318146E+01	5.657796E+01
2.157227E+00	5.290074E+01	5.613889E+01
2.178171E+00	5.359876E+01	5.740681E+01
2.199115E+00	5.321864E+01	5.720778E+01
2.220059E+00	5.307893E+01	5.628978E+01
2.241003E+00	5.329828E+01	5.692501E+01
2.261947E+00	5.353383E+01	5.758164E+01
2.282891E+00	5.381140E+01	5.771441E+01
2.303835E+00	5.427641E+01	5.865796E+01
2.324779E+00	5.424499E+01	5.825428E+01
2.345723E+00	5.403829E+01	5.849028E+01
2.366666E+00	5.431079E+01	5.906008E+01
2.387610E+00	5.445660E+01	5.908213E+01
2.408554E+00	5.449663E+01	5.915894E+01
2.429498E+00	5.458902E+01	5.944212E+01
2.450442E+00	5.505846E+01	6.012502E+01
2.471386E+00	5.522991E+01	6.102576E+01
2.492330E+00	5.564817E+01	6.147411E+01
2.513274E+00	5.552407E+01	6.184105E+01
2.534218E+00	5.607851E+01	6.220031E+01
2.555162E+00	5.631834E+01	6.249521E+01
2.576106E+00	5.667707E+01	6.394544E+01
2.597050E+00	5.672020E+01	6.384064E+01
2.617994E+00	5.709778E+01	6.472362E+01
2.638938E+00	5.757359E+01	6.513989E+01
2.659882E+00	5.785265E+01	6.573152E+01
