2.094395E-02	1.084878E-01	1.145475E-01
4.188790E-02	1.020921E+00	1.226044E+00
6.283185E-02	2.013862E+00	2.090663E+00
8.377580E-02	2.767623E+00	3.272896E+00
1.047198E-01	4.187344E+00	4.806614E+00
1.256637E-01	5.974072E+00	6.568335E+00
1.466077E-01	6.703014E+00	7.978800E+00
1.675516E-01	7.724489E+00	9.566211E+00
1.884956E-01	8.453456E+00	1.050117E+01
2.094395E-01	1.020637E+01	1.210019E+01
2.303835E-01	1.048340E+01	1.282212E+01
2.513274E-01	1.131951E+01	1.327694E+01
2.722714E-01	1.223978E+01	1.477638E+01
2.932153E-01	1.400046E+01	1.715638E+01
3.141593E-01	1.497064E+01	1.756212E+01
3.351032E-01	1.687131E+01	2.072922E+01
3.560472E-01	1.700867E+01	2.081498E+01
3.769911E-01	1.856480E+01	2.253482E+01
3.979351E-01	1.953479E+01	2.295817E+01
4.188790E-01	2.028136E+01	2.513921E+01
4.398230E-01	2.164041E+01	2.566534E+01
4.607669E-01	2.287147E+01	2.757765E+01
4.817109E-01	2.464494E+01	2.988499E+01
5.026548E-01	2.532308E+01	3.038043E+01
5.235988E-01	2.693714E+01	3.418346E+01
5.445427E-01	2.765771E+01	3.411438E+01
5.654867E-01	2.912267E+01	3.542613E+01
5.864306E-01	3.026419E+01	3.716070E+01
6.073746E-01	3.182781E+01	3.847844E+01
6.283185E-01	3.270540E+01	4.017844E+01
6.492625E-01	3.382219E+01	4.077627E+01
6.702064E-01	3.478207E+01	4.274634E+01
6.911504E-01	3.679013E+01	4.644162E+01
7.120943E-01	3.728316E+01	4.579386E+01
7.330383E-01	3.932049E+01	4.885237E+01
7.539822E-01	4.009012E+01	4.932591E+01
7.749262E-01	4.081525E+01	5.115099E+01
7.958701E-01	4.225954E+01	5.252855E+01
8.168141E-01	4.312044E+01	5.250607E+01
8.377580E-01	4.438173E+01	5.465720E+01
8.587020E-01	4.550021E+01	5.608670E+01
8.796459E-01	4.635521E+01	5.796239E+01
9.005899E-01	4.796781E+01	5.882138E+01
9.215338E-01	4.841183E+01	6.052837E+01
9.424778E-01	4.894355E+01	6.056055E+01
9.634217E-01	4.997581E+01	6.213205E+01
9.843657E-01	5.116964E+01	6.326412E+01
1.005310E+00	5.243246E+01	6.550704E+01
1.026254E+00	5.331638E+01	6.591807E+01
1.047198E+00	5.415958E+01	6.679478E+01
1.068142E+00	5.439985E+01	6.774887E+01
1.089085E+00	5.519507E+01	6.797895E+01
1.110029E+00	5.558899E+01	6.802336E+01
1.130973E+00	5.676634E+01	7.025687E+01
1.151917E+00	5.771314E+01	7.113351E+01
1.172861E+00	5.866415E+01	7.250702E+01
1.193805E+00	5.883860E+01	7.232210E+01
1.214749E+00	5.977653E+01	7.359171E+01
1.235693E+00	6.099833E+01	7.410916E+01
1.256637E+00	6.032845E+01	7.332431E+01
1.277581E+00	6.053195E+01	7.391323E+01
1.298525E+00	6.142675E+01	7.471989E+01
1.319469E+00	6.253723E+01	7.685366E+01
1.340413E+00	6.304869E+01	7.633561E+01
1.361357E+00	6.344018E+01	7.712083E+01
1.382301E+00	6.350173E+01	7.695709E+01
1.403245E+00	6.396600E+01	7.735411E+01
1.424189E+00	6.405395E+01	7.709917E+01
1.445133E+00	6.487143E+01	7.757455E+01
1.466077E+00	6.527739E+01	7.800458E+01
1.487021E+00	6.547197E+01	7.902758E+01
1.507964E+00	6.632171E+01	7.851469E+01
1.528908E+00	6.602933E+01	7.842372E+01
1.549852E+00	6.701948E+01	7.931194E+01
1.570796E+00	6.727791E+01	7.933284E+01
1.591740E+00	6.689159E+01	7.825323E+01
1.612684E+00	6.715171E+01	7.892689E+01
1.633628E+00	6.799111E+01	7.933464E+01
1.654572E+00	6.786053E+01	7.915220E+01
1.675516E+00	6.830795E+01	8.008094E+01
1.696460E+00	6.840233E+01	7.964101E+01
1.717404E+00	6.895186E+01	7.967937E+01
1.738348E+00	6.881095E+01	7.897093E+01
1.759292E+00	6.878717E+01	7.952587E+01
1.780236E+00	6.887763E+01	7.836679E+01
1.801180E+00	6.949152E+01	7.942770E+01
1.822124E+00	6.955394E+01	7.942653E+01
1.843068E+00	6.967642E+01	7.896968E+01
1.864012E+00	6.948847E+01	7.889259E+01
1.884956E+00	7.012757E+01	7.939191E+01
1.905900E+00	7.045846E+01	7.941260E+01
1.926843E+00	6.994708E+01	7.939036E+01
1.947787E+00	7.066406E+01	7.959725E+01
1.968731E+00	7.057283E+01	7.996907E+01
1.989675E+00	7.123933E+01	7.975242E+01
2.010619E+00	7.112925E+01	7.925630E+01
2.031563E+00	7.153903E+01	7.964077E+01
2.052507E+00	7.165296E+01	7.913874E+01
2.073451E+00	7.212927E+01	8.033870E+01
2.094395E+00	7.239692E+01	8.013401E+01
2.115339E+00	7.241486E+01	8.049555E+01
2.136283E+00	7.241323E+01	8.009990E+01
2.157227E+00	7.245429E+01	7.970161E+01
2.178171E+00	7.321126E+01	8.085988E+01
2.199115E+00	7.292417E+01	8.064969E+01
2.220059E+00	7.347734E+01	8.063333E+01
2.241003E+00	7.340753E+01	7.962923E+01
2.261947E+00	7.401849E+01	8.136579E+01
2.282891E+00	7.465396E+01	8.098047E+01
2.303835E+00	7.483390E+01	8.187669E+01
2.324779E+00	7.518760E+01	8.126515E+01
2.345723E+00	7.510961E+01	8.164336E+01
2.366666E+00	7.507563E+01	8.184397E+01
2.387610E+00	7.603237E+01	8.215733E+01
2.408554E+00	7.594209E+01	8.218372E+01
2.429498E+00	7.635125E+01	8.353188E+01
2.450442E+00	7.679071E+01	8.252195E+01
2.471386E+00	7.656961E+01	8.278996E+01
2.492330E+00	7.784324E+01	8.424436E+01
2.513274E+00	7.745332E+01	8.366689E+01
2.534218E+00	7.822662E+01	8.466066E+01
2.555162E+00	7.872499E+01	8.493801E+01
2.576106E+00	7.924608E+01	8.637469E+01
2.597050E+00	7.961177E+01	8.624154E+01
2.617994E+00	7.997873E+01	8.651031E+01
2.638938E+00	8.048675E+01	8.733635E+01
2.659882E+00	8.078531E+01	8.772072E+01
