2.094395E-02	3.206787E+00	3.043381E+00
4.188790E-02	1.773287E+01	2.247020E+01
6.283185E-02	2.363307E+01	2.872626E+01
8.377580E-02	2.957461E+01	3.774348E+01
1.047198E-01	3.819174E+01	5.064000E+01
1.256637E-01	5.105820E+01	6.433447E+01
1.466077E-01	5.880521E+01	8.098979E+01
1.675516E-01	6.922807E+01	9.655977E+01
1.884956E-01	7.539565E+01	1.015024E+02
2.094395E-01	9.242317E+01	1.219700E+02
2.303835E-01	9.435185E+01	1.223321E+02
2.513274E-01	1.089073E+02	1.414405E+02
2.722714E-01	1.189143E+02	1.554577E+02
2.932153E-01	1.317400E+02	1.720628E+02
3.141593E-01	1.369098E+02	1.725407E+02
3.351032E-01	1.610620E+02	2.152994E+02
3.560472E-01	1.663950E+02	2.089375E+02
3.769911E-01	1.745689E+02	2.221665E+02
3.979351E-01	1.827226E+02	2.251436E+02
4.188790E-01	1.875537E+02	2.333938E+02
4.398230E-01	2.003757E+02	2.471029E+02
4.607669E-01	2.151836E+02	2.684898E+02
4.817109E-01	2.268047E+02	2.691868E+02
5.026548E-01	2.299379E+02	2.860142E+02
5.235988E-01	2.432451E+02	3.010230E+02
5.445427E-01	2.444836E+02	2.948586E+02
5.654867E-01	2.627053E+02	3.160132E+02
5.864306E-01	2.671017E+02	3.194637E+02
6.073746E-01	2.717004E+02	3.276816E+02
6.283185E-01	2.885508E+02	3.485097E+02
6.492625E-01	2.884081E+02	3.488058E+02
6.702064E-01	3.049252E+02	3.726026E+02
6.911504E-01	3.018313E+02	3.630552E+02
7.120943E-01	3.201525E+02	3.910047E+02
7.330383E-01	3.341316E+02	4.001655E+02
7.539822E-01	3.410369E+02	4.018813E+02
7.749262E-01	3.503357E+02	4.113652E+02
7.958701E-01	3.547118E+02	4.165952E+02
8.168141E-01	3.639809E+02	4.240735E+02
8.377580E-01	3.728939E+02	4.361251E+02
8.587020E-01	3.763437E+02	4.319396E+02
8.796459E-01	4.012053E+02	4.652551E+02
9.005899E-01	4.018533E+02	4.652357E+02
9.215338E-01	4.121940E+02	4.674779E+02
9.424778E-01	4.185945E+02	4.796536E+02
9.634217E-01	4.286941E+02	4.896212E+02
9.843657E-01	4.361960E+02	4.967110E+02
1.005310E+00	4.517542E+02	5.028285E+02
1.026254E+00	4.642552E+02	5.220598E+02
1.047198E+00	4.702706E+02	5.351631E+02
1.068142E+00	4.785459E+02	5.355871E+02
1.089085E+00	4.851868E+02	5.493216E+02
1.110029E+00	4.882666E+02	5.428222E+02
1.130973E+00	4.998680E+02	5.583686E+02
1.151917E+00	5.099583E+02	5.617600E+02
1.172861E+00	5.203766E+02	5.743261E+02
1.193805E+00	5.233753E+02	5.710353E+02
1.214749E+00	5.351148E+02	5.816584E+02
1.235693E+00	5.392348E+02	5.895734E+02
1.256637E+00	5.425775E+02	5.865025E+02
1.277581E+00	5.545547E+02	5.968688E+02
1.298525E+00	5.530873E+02	5.999165E+02
1.319469E+00	5.626085E+02	6.096679E+02
1.340413E+00	5.626817E+02	6.054571E+02
1.361357E+00	5.770715E+02	6.189366E+02
1.382301E+00	5.801967E+02	6.134572E+02
1.403245E+00	5.796981E+02	6.134277E+02
1.424189E+00	5.853786E+02	6.205659E+02
1.445133E+00	5.904867E+02	6.230483E+02
1.466077E+00	5.954555E+02	6.268928E+02
1.487021E+00	5.992480E+02	6.307089E+02
1.507964E+00	6.021012E+02	6.323218E+02
1.528908E+00	6.036222E+02	6.280904E+02
1.549852E+00	6.081485E+02	6.357346E+02
1.570796E+00	6.140320E+02	6.403508E+02
1.591740E+00	6.103813E+02	6.363297E+02
1.612684E+00	6.171106E+02	6.426671E+02
1.633628E+00	6.210335E+02	6.494237E+02
1.654572E+00	6.181943E+02	6.422027E+02
1.675516E+00	6.193752E+02	6.420479E+02
1.696460E+00	6.236570E+02	6.464344E+02
1.717404E+00	6.234484E+02	6.464737E+02
1.738348E+00	6.214993E+02	6.479023E+02
1.759292E+00	6.227275E+02	6.461456E+02
1.780236E+00	6.267580E+02	6.472455E+02
1.801180E+00	6.248555E+02	6.474106E+02
1.822124E+00	6.237882E+02	6.503840E+02
1.843068E+00	6.294093E+02	6.572710E+02
1.864012E+00	6.273799E+02	6.563862E+02
1.884956E+00	6.247646E+02	6.532895E+02
1.905900E+00	6.276415E+02	6.586011E+02
1.926843E+00	6.248090E+02	6.561270E+02
1.947787E+00	6.239715E+02	6.578570E+02
1.968731E+00	6.255913E+02	6.617823E+02
1.989675E+00	6.257265E+02	6.643964E+02
2.010619E+00	6.283336E+02	6.651163E+02
2.031563E+00	6.253220E+02	6.652492E+02
2.052507E+00	6.271152E+02	6.661571E+02
2.073451E+00	6.259632E+02	6.652505E+02
2.094395E+00	6.279006E+02	6.758634E+02
2.115339E+00	6.226132E+02	6.706743E+02
2.136283E+00	6.251237E+02	6.743297E+02
2.157227E+00	6.257634E+02	6.755689E+02
2.178171E+00	6.271284E+02	6.831775E+02
2.199115E+00	6.265780E+02	6.867366E+02
2.220059E+00	6.250524E+02	6.874808E+02
2.241003E+00	6.231267E+02	6.888305E+02
2.261947E+00	6.279519E+02	6.980312E+02
2.282891E+00	6.276911E+02	7.092296E+02
2.303835E+00	6.263480E+02	7.040796E+02
2.324779E+00	6.237746E+02	7.033774E+02
2.345723E+00	6.253395E+02	7.033786E+02
2.366666E+00	6.295164E+02	7.190305E+02
2.387610E+00	6.324168E+02	7.239949E+02
2.408554E+00	6.308016E+02	7.276622E+02
2.429498E+00	6.581273E+02	7.613101E+02
2.450442E+00	6.572995E+02	7.655491E+02
2.471386E+00	6.611560E+02	7.750372E+02
2.492330E+00	6.636488E+02	7.823338E+02
2.513274E+00	6.652421E+02	7.846331E+02
2.534218E+00	6.675165E+02	7.948168E+02
2.555162E+00	6.700009E+02	7.998692E+02
2.576106E+00	6.723802E+02	8.048612E+02
2.597050E+00	6.753208E+02	8.139640E+02
2.617994E+00	6.801807E+02	8.268595E+02
2.638938E+00	6.803338E+02	8.357614E+02
2.659882E+00	6.881341E+02	8.489504E+02
