2.094395E-02	1.351822E-01	1.182618E-01
4.188790E-02	1.235037E+00	1.227150E+00
6.283185E-02	3.309718E+00	2.892388E+00
8.377580E-02	4.671024E+00	5.134951E+00
1.047198E-01	8.452401E+00	7.940707E+00
1.256637E-01	1.238429E+01	1.237158E+01
1.466077E-01	1.405374E+01	1.509808E+01
1.675516E-01	1.504913E+01	1.456471E+01
1.884956E-01	1.640307E+01	1.774269E+01
2.094395E-01	1.787258E+01	1.766802E+01
2.303835E-01	1.840880E+01	1.872532E+01
2.513274E-01	1.750298E+01	1.831457E+01
2.722714E-01	1.806308E+01	1.812377E+01
2.932153E-01	1.811262E+01	1.877589E+01
3.141593E-01	1.931199E+01	2.022999E+01
3.351032E-01	1.949192E+01	1.980296E+01
3.560472E-01	1.907908E+01	1.949647E+01
3.769911E-01	1.904249E+01	1.968197E+01
3.979351E-01	1.865764E+01	1.865577E+01
4.188790E-01	1.922148E+01	1.983249E+01
4.398230E-01	1.887827E+01	1.907386E+01
4.607669E-01	1.912447E+01	1.974302E+01
4.817109E-01	1.924240E+01	1.936751E+01
5.026548E-01	1.985117E+01	1.987200E+01
5.235988E-01	1.963904E+01	1.945656E+01
5.445427E-01	1.968418E+01	1.993270E+01
5.654867E-01	1.972639E+01	1.992086E+01
5.864306E-01	1.924786E+01	1.916135E+01
6.073746E-01	1.927264E+01	1.973903E+01
6.283185E-01	1.977549E+01	1.968885E+01
6.492625E-01	1.920489E+01	1.890120E+01
6.702064E-01	1.990876E+01	2.019544E+01
6.911504E-01	1.987174E+01	2.053985E+01
7.120943E-01	1.940145E+01	1.955990E+01
7.330383E-01	1.983516E+01	1.995341E+01
7.539822E-01	1.979816E+01	1.977862E+01
7.749262E-01	1.947978E+01	1.966609E+01
7.958701E-01	1.996373E+01	1.979105E+01
8.168141E-01	1.973748E+01	1.965012E+01
8.377580E-01	2.005418E+01	2.013408E+01
8.587020E-01	1.993841E+01	1.988501E+01
8.796459E-01	1.980458E+01	1.968243E+01
9.005899E-01	1.993308E+01	1.995800E+01
9.215338E-01	2.032929E+01	2.038825E+01
9.424778E-01	1.992691E+01	1.985395E+01
9.634217E-01	2.001142E+01	1.998867E+01
9.843657E-01	2.010401E+01	2.003353E+01
1.005310E+00	2.011626E+01	1.998099E+01
1.026254E+00	2.038434E+01	2.042072E+01
1.047198E+00	2.036475E+01	2.043165E+01
1.068142E+00	2.018228E+01	2.021841E+01
1.089085E+00	2.064956E+01	2.075640E+01
1.110029E+00	2.043605E+01	2.035870E+01
1.130973E+00	2.049014E+01	2.045553E+01
1.151917E+00	2.044909E+01	2.042360E+01
1.172861E+00	2.047261E+01	2.045624E+01
1.193805E+00	2.090519E+01	2.074606E+01
1.214749E+00	2.064933E+01	2.062402E+01
1.235693E+00	2.064866E+01	2.049071E+01
1.256637E+00	2.099518E+01	2.098581E+01
1.277581E+00	2.095804E+01	2.111659E+01
1.298525E+00	2.122371E+01	2.120316E+01
1.319469E+00	2.113024E+01	2.120215E+01
1.340413E+00	2.095685E+01	2.100592E+01
1.361357E+00	2.109613E+01	2.102806E+01
1.382301E+00	2.135496E+01	2.138129E+01
1.403245E+00	2.136652E+01	2.144720E+01
1.424189E+00	2.134972E+01	2.158462E+01
1.445133E+00	2.135166E+01	2.125882E+01
1.466077E+00	2.136452E+01	2.128476E+01
1.487021E+00	2.147173E+01	2.156769E+01
1.507964E+00	2.188421E+01	2.189408E+01
1.528908E+00	2.165782E+01	2.177416E+01
1.549852E+00	2.190105E+01	2.204061E+01
1.570796E+00	2.203498E+01	2.211667E+01
1.591740E+00	2.190669E+01	2.226897E+01
1.612684E+00	2.201742E+01	2.208373E+01
1.633628E+00	2.204035E+01	2.224789E+01
1.654572E+00	2.219437E+01	2.227205E+01
1.675516E+00	2.218676E+01	2.218871E+01
1.696460E+00	2.242974E+01	2.252584E+01
1.717404E+00	2.267137E+01	2.295889E+01
1.738348E+00	2.247126E+01	2.251002E+01
1.759292E+00	2.275364E+01	2.286603E+01
1.780236E+00	2.284585E+01	2.298202E+01
1.801180E+00	2.272348E+01	2.276600E+01
1.822124E+00	2.323948E+01	2.334535E+01
1.843068E+00	2.312982E+01	2.328784E+01
1.864012E+00	2.319867E+01	2.323890E+01
1.884956E+00	2.324319E+01	2.337306E+01
1.905900E+00	2.359322E+01	2.360354E+01
1.926843E+00	2.374457E+01	2.392888E+01
1.947787E+00	2.371879E+01	2.368224E+01
1.968731E+00	2.374576E+01	2.389223E+01
1.989675E+00	2.396756E+01	2.403507E+01
2.010619E+00	2.423886E+01	2.428241E+01
2.031563E+00	2.439790E+01	2.457901E+01
2.052507E+00	2.437949E+01	2.456336E+01
2.073451E+00	2.463960E+01	2.473975E+01
2.094395E+00	2.487212E+01	2.488201E+01
2.115339E+00	2.507016E+01	2.524598E+01
2.136283E+00	2.522454E+01	2.546092E+01
2.157227E+00	2.552712E+01	2.562087E+01
2.178171E+00	2.557382E+01	2.568136E+01
2.199115E+00	2.572329E+01	2.589575E+01
2.220059E+00	2.587908E+01	2.622655E+01
2.241003E+00	2.629799E+01	2.656854E+01
2.261947E+00	2.649901E+01	2.657261E+01
2.282891E+00	2.657919E+01	2.709103E+01
2.303835E+00	2.682230E+01	2.716430E+01
2.324779E+00	2.729052E+01	2.773916E+01
2.345723E+00	2.756795E+01	2.785289E+01
2.366666E+00	2.764202E+01	2.797682E+01
2.387610E+00	2.829086E+01	2.853909E+01
2.408554E+00	2.917133E+01	2.976277E+01
2.429498E+00	3.661529E+01	3.774315E+01
2.450442E+00	3.683305E+01	3.790684E+01
2.471386E+00	3.723709E+01	3.865497E+01
2.492330E+00	3.772442E+01	3.871728E+01
2.513274E+00	3.846670E+01	3.984499E+01
2.534218E+00	3.879009E+01	4.024458E+01
2.555162E+00	3.911053E+01	4.066935E+01
2.576106E+00	3.963494E+01	4.166512E+01
2.597050E+00	3.976155E+01	4.136094E+01
2.617994E+00	4.045272E+01	4.221892E+01
2.638938E+00	4.091327E+01	4.285255E+01
2.659882E+00	4.128351E+01	4.342688E+01
