2.094395E-02	1.127402E-01	1.186428E-01
4.188790E-02	1.063862E+00	1.278097E+00
6.283185E-02	2.100920E+00	2.180732E+00
8.377580E-02	2.877848E+00	3.405639E+00
1.047198E-01	4.359865E+00	5.012259E+00
1.256637E-01	6.214434E+00	6.834411E+00
1.466077E-01	6.978327E+00	8.292089E+00
1.675516E-01	8.019622E+00	9.943801E+00
1.884956E-01	8.785723E+00	1.094200E+01
2.094395E-01	1.057324E+01	1.251790E+01
2.303835E-01	1.080851E+01	1.324293E+01
2.513274E-01	1.169055E+01	1.376753E+01
2.722714E-01	1.267061E+01	1.543028E+01
2.932153E-01	1.436670E+01	1.763135E+01
3.141593E-01	1.536319E+01	1.800247E+01
3.351032E-01	1.729169E+01	2.132629E+01
3.560472E-01	1.741600E+01	2.127477E+01
3.769911E-01	1.893493E+01	2.298655E+01
3.979351E-01	1.994408E+01	2.326737E+01
4.188790E-01	2.044610E+01	2.513947E+01
4.398230E-01	2.193136E+01	2.602356E+01
4.607669E-01	2.314801E+01	2.794616E+01
4.817109E-01	2.498892E+01	3.032079E+01
5.026548E-01	2.559235E+01	3.062208E+01
5.235988E-01	2.731994E+01	3.451842E+01
5.445427E-01	2.779977E+01	3.396953E+01
5.654867E-01	2.932132E+01	3.564721E+01
5.864306E-01	3.047712E+01	3.726789E+01
6.073746E-01	3.182677E+01	3.844306E+01
6.283185E-01	3.305468E+01	4.049520E+01
6.492625E-01	3.386597E+01	4.055137E+01
6.702064E-01	3.497980E+01	4.270799E+01
6.911504E-01	3.660785E+01	4.587575E+01
7.120943E-01	3.758144E+01	4.590763E+01
7.330383E-01	3.956015E+01	4.884133E+01
7.539822E-01	4.028802E+01	4.907060E+01
7.749262E-01	4.102407E+01	5.126108E+01
7.958701E-01	4.235737E+01	5.249933E+01
8.168141E-01	4.326614E+01	5.238485E+01
8.377580E-01	4.455538E+01	5.473827E+01
8.587020E-01	4.580717E+01	5.591842E+01
8.796459E-01	4.663788E+01	5.797248E+01
9.005899E-01	4.849306E+01	5.902592E+01
9.215338E-01	4.879586E+01	6.069739E+01
9.424778E-01	4.927832E+01	6.057573E+01
9.634217E-01	5.046961E+01	6.271604E+01
9.843657E-01	5.162701E+01	6.378125E+01
1.005310E+00	5.275448E+01	6.517250E+01
1.026254E+00	5.366057E+01	6.625851E+01
1.047198E+00	5.488351E+01	6.723667E+01
1.068142E+00	5.495707E+01	6.874975E+01
1.089085E+00	5.603147E+01	6.897829E+01
1.110029E+00	5.603841E+01	6.846888E+01
1.130973E+00	5.728793E+01	7.045241E+01
1.151917E+00	5.811849E+01	7.152644E+01
1.172861E+00	5.905832E+01	7.306506E+01
1.193805E+00	5.920757E+01	7.199980E+01
1.214749E+00	6.037231E+01	7.404902E+01
1.235693E+00	6.137800E+01	7.438143E+01
1.256637E+00	6.085355E+01	7.406226E+01
1.277581E+00	6.087600E+01	7.405482E+01
1.298525E+00	6.183518E+01	7.479647E+01
1.319469E+00	6.288073E+01	7.671715E+01
1.340413E+00	6.324736E+01	7.648751E+01
1.361357E+00	6.424637E+01	7.830694E+01
1.382301E+00	6.395378E+01	7.725796E+01
1.403245E+00	6.446712E+01	7.776693E+01
1.424189E+00	6.446036E+01	7.720212E+01
1.445133E+00	6.542113E+01	7.825869E+01
1.466077E+00	6.559628E+01	7.813963E+01
1.487021E+00	6.621197E+01	7.937018E+01
1.507964E+00	6.678695E+01	7.915097E+01
1.528908E+00	6.654503E+01	7.840735E+01
1.549852E+00	6.748469E+01	7.962872E+01
1.570796E+00	6.741055E+01	7.923095E+01
1.591740E+00	6.692995E+01	7.823221E+01
1.612684E+00	6.721276E+01	7.861796E+01
1.633628E+00	6.834918E+01	7.965408E+01
1.654572E+00	6.752959E+01	7.940175E+01
1.675516E+00	6.873929E+01	8.029887E+01
1.696460E+00	6.887335E+01	7.974892E+01
1.717404E+00	6.902266E+01	7.962494E+01
1.738348E+00	6.937962E+01	7.957066E+01
1.759292E+00	6.911645E+01	8.005718E+01
1.780236E+00	6.926618E+01	7.867022E+01
1.801180E+00	6.982695E+01	7.966472E+01
1.822124E+00	6.994942E+01	7.978661E+01
1.843068E+00	7.007384E+01	7.952874E+01
1.864012E+00	6.976412E+01	7.961249E+01
1.884956E+00	7.032496E+01	7.954109E+01
1.905900E+00	7.080935E+01	7.937836E+01
1.926843E+00	7.041218E+01	7.964274E+01
1.947787E+00	7.081343E+01	7.967109E+01
1.968731E+00	7.087136E+01	7.952511E+01
1.989675E+00	7.177756E+01	8.124237E+01
2.010619E+00	7.135363E+01	8.009315E+01
2.031563E+00	7.172410E+01	7.952933E+01
2.052507E+00	7.189073E+01	8.010904E+01
2.073451E+00	7.203012E+01	7.994897E+01
2.094395E+00	7.241981E+01	8.060899E+01
2.115339E+00	7.256302E+01	8.058611E+01
2.136283E+00	7.270560E+01	8.079524E+01
2.157227E+00	7.203530E+01	7.967902E+01
2.178171E+00	7.322079E+01	8.113229E+01
2.199115E+00	7.311335E+01	8.078234E+01
2.220059E+00	7.387360E+01	8.104926E+01
2.241003E+00	7.342132E+01	7.968893E+01
2.261947E+00	7.394456E+01	8.100353E+01
2.282891E+00	7.420832E+01	8.046226E+01
2.303835E+00	7.476169E+01	8.227696E+01
2.324779E+00	7.516418E+01	8.199420E+01
2.345723E+00	7.533159E+01	8.267388E+01
2.366666E+00	7.479044E+01	8.225891E+01
2.387610E+00	7.545572E+01	8.189487E+01
2.408554E+00	7.577960E+01	8.192459E+01
2.429498E+00	7.621665E+01	8.356710E+01
2.450442E+00	7.678919E+01	8.291388E+01
2.471386E+00	7.634548E+01	8.234228E+01
2.492330E+00	7.750148E+01	8.392214E+01
2.513274E+00	7.725202E+01	8.381700E+01
2.534218E+00	7.779509E+01	8.457972E+01
2.555162E+00	7.811873E+01	8.449996E+01
2.576106E+00	7.835900E+01	8.515207E+01
2.597050E+00	7.920355E+01	8.686138E+01
2.617994E+00	7.933672E+01	8.581380E+01
2.638938E+00	8.056826E+01	8.779962E+01
2.659882E+00	8.021496E+01	8.747177E+01
