2.094395E-02	9.211339E-02	9.894162E-02
4.188790E-02	8.645734E-01	1.028997E+00
6.283185E-02	1.673635E+00	1.751060E+00
8.377580E-02	2.372926E+00	2.830648E+00
1.047198E-01	3.562183E+00	4.041715E+00
1.256637E-01	5.090714E+00	5.576627E+00
1.466077E-01	5.770463E+00	6.943303E+00
1.675516E-01	6.668801E+00	8.206010E+00
1.884956E-01	7.336718E+00	8.984878E+00
2.094395E-01	8.951956E+00	1.061624E+01
2.303835E-01	9.405045E+00	1.149894E+01
2.513274E-01	1.014700E+01	1.203423E+01
2.722714E-01	1.089890E+01	1.282280E+01
2.932153E-01	1.280705E+01	1.577916E+01
3.141593E-01	1.361647E+01	1.604389E+01
3.351032E-01	1.553398E+01	1.889783E+01
3.560472E-01	1.595237E+01	1.970462E+01
3.769911E-01	1.756058E+01	2.138229E+01
3.979351E-01	1.844288E+01	2.265006E+01
4.188790E-01	1.981415E+01	2.532354E+01
4.398230E-01	2.072411E+01	2.506028E+01
4.607669E-01	2.224148E+01	2.691599E+01
4.817109E-01	2.331536E+01	2.833008E+01
5.026548E-01	2.466925E+01	2.997122E+01
5.235988E-01	2.588407E+01	3.374277E+01
5.445427E-01	2.704647E+01	3.451149E+01
5.654867E-01	2.813612E+01	3.425885E+01
5.864306E-01	2.932954E+01	3.654748E+01
6.073746E-01	3.149602E+01	3.873618E+01
6.283185E-01	3.138834E+01	3.938389E+01
6.492625E-01	3.263992E+01	4.118984E+01
6.702064E-01	3.382107E+01	4.231223E+01
6.911504E-01	3.616362E+01	4.675952E+01
7.120943E-01	3.649957E+01	4.622069E+01
7.330383E-01	3.787128E+01	4.710140E+01
7.539822E-01	3.933969E+01	5.003285E+01
7.749262E-01	3.924751E+01	4.989423E+01
7.958701E-01	4.098073E+01	5.201379E+01
8.168141E-01	4.195999E+01	5.240512E+01
8.377580E-01	4.345672E+01	5.453203E+01
8.587020E-01	4.377901E+01	5.494230E+01
8.796459E-01	4.465245E+01	5.721094E+01
9.005899E-01	4.605801E+01	5.865616E+01
9.215338E-01	4.698412E+01	5.897893E+01
9.424778E-01	4.686216E+01	5.847173E+01
9.634217E-01	4.844660E+01	6.168254E+01
9.843657E-01	4.875906E+01	5.970910E+01
1.005310E+00	5.058401E+01	6.434878E+01
1.026254E+00	5.150456E+01	6.438884E+01
1.047198E+00	5.161086E+01	6.407963E+01
1.068142E+00	5.220660E+01	6.526631E+01
1.089085E+00	5.290888E+01	6.542782E+01
1.110029E+00	5.366011E+01	6.602816E+01
1.130973E+00	5.510603E+01	6.819763E+01
1.151917E+00	5.571625E+01	6.882653E+01
1.172861E+00	5.626098E+01	6.967988E+01
1.193805E+00	5.724732E+01	7.098892E+01
1.214749E+00	5.738830E+01	7.155138E+01
1.235693E+00	5.848383E+01	7.159097E+01
1.256637E+00	5.776615E+01	7.026059E+01
1.277581E+00	5.878267E+01	7.106640E+01
1.298525E+00	5.917841E+01	7.173650E+01
1.319469E+00	6.057989E+01	7.422430E+01
1.340413E+00	6.068899E+01	7.344636E+01
1.361357E+00	6.164447E+01	7.460147E+01
1.382301E+00	6.168386E+01	7.418776E+01
1.403245E+00	6.229871E+01	7.526930E+01
1.424189E+00	6.230115E+01	7.423159E+01
1.445133E+00	6.306451E+01	7.518819E+01
1.466077E+00	6.397648E+01	7.730055E+01
1.487021E+00	6.382359E+01	7.653933E+01
1.507964E+00	6.385106E+01	7.621364E+01
1.528908E+00	6.416079E+01	7.570524E+01
1.549852E+00	6.522170E+01	7.677652E+01
1.570796E+00	6.500811E+01	7.548637E+01
1.591740E+00	6.543539E+01	7.651986E+01
1.612684E+00	6.593918E+01	7.673521E+01
1.633628E+00	6.651037E+01	7.790457E+01
1.654572E+00	6.677801E+01	7.810046E+01
1.675516E+00	6.685003E+01	7.742670E+01
1.696460E+00	6.679714E+01	7.757942E+01
1.717404E+00	6.752023E+01	7.844598E+01
1.738348E+00	6.825931E+01	7.895902E+01
1.759292E+00	6.818429E+01	7.793013E+01
1.780236E+00	6.792664E+01	7.809709E+01
1.801180E+00	6.833544E+01	7.739445E+01
1.822124E+00	6.859993E+01	7.751003E+01
1.843068E+00	6.921928E+01	7.870751E+01
1.864012E+00	6.904378E+01	7.858987E+01
1.884956E+00	6.971517E+01	7.912936E+01
1.905900E+00	6.972318E+01	7.843477E+01
1.926843E+00	6.993894E+01	7.840653E+01
1.947787E+00	6.946810E+01	7.779296E+01
1.968731E+00	7.012517E+01	7.833987E+01
1.989675E+00	7.093426E+01	7.921071E+01
2.010619E+00	7.018765E+01	7.791454E+01
2.031563E+00	7.161653E+01	7.960672E+01
2.052507E+00	7.146934E+01	7.916815E+01
2.073451E+00	7.150190E+01	7.870616E+01
2.094395E+00	7.225209E+01	7.936127E+01
2.115339E+00	7.232011E+01	7.954749E+01
2.136283E+00	7.207001E+01	7.916678E+01
2.157227E+00	7.251488E+01	7.935256E+01
2.178171E+00	7.324437E+01	7.985383E+01
2.199115E+00	7.335918E+01	7.989165E+01
2.220059E+00	7.320558E+01	7.946003E+01
2.241003E+00	7.378795E+01	8.008721E+01
2.261947E+00	7.401733E+01	8.008468E+01
2.282891E+00	7.499447E+01	8.115226E+01
2.303835E+00	7.523916E+01	8.093722E+01
2.324779E+00	7.561887E+01	8.160224E+01
2.345723E+00	7.617156E+01	8.214315E+01
2.366666E+00	7.580176E+01	8.149315E+01
2.387610E+00	7.666496E+01	8.279408E+01
2.408554E+00	7.653452E+01	8.157814E+01
2.429498E+00	7.758234E+01	8.344468E+01
2.450442E+00	7.717937E+01	8.216672E+01
2.471386E+00	7.817166E+01	8.367709E+01
2.492330E+00	7.891122E+01	8.409734E+01
2.513274E+00	7.883491E+01	8.399107E+01
2.534218E+00	7.938156E+01	8.457293E+01
2.555162E+00	8.007708E+01	8.520256E+01
2.576106E+00	8.048351E+01	8.555783E+01
2.597050E+00	8.123551E+01	8.690794E+01
2.617994E+00	8.117075E+01	8.621812E+01
2.638938E+00	8.241690E+01	8.828068E+01
2.659882E+00	8.260328E+01	8.840970E+01
