2.094395E-02	1.352118E-01	1.412168E-01
4.188790E-02	1.282489E+00	1.536643E+00
6.283185E-02	2.531921E+00	2.645156E+00
8.377580E-02	3.476013E+00	4.136716E+00
1.047198E-01	5.261398E+00	6.056305E+00
1.256637E-01	7.443259E+00	8.189229E+00
1.466077E-01	8.413715E+00	9.917461E+00
1.675516E-01	9.589475E+00	1.188119E+01
1.884956E-01	1.056697E+01	1.324172E+01
2.094395E-01	1.262372E+01	1.491261E+01
2.303835E-01	1.269898E+01	1.559397E+01
2.513274E-01	1.373548E+01	1.635821E+01
2.722714E-01	1.508746E+01	1.867913E+01
2.932153E-01	1.658710E+01	2.072360E+01
3.141593E-01	1.751300E+01	2.028587E+01
3.351032E-01	1.981106E+01	2.445244E+01
3.560472E-01	1.994453E+01	2.422447E+01
3.769911E-01	2.153828E+01	2.612594E+01
3.979351E-01	2.229635E+01	2.589691E+01
4.188790E-01	2.268083E+01	2.721086E+01
4.398230E-01	2.412207E+01	2.864206E+01
4.607669E-01	2.559343E+01	3.040621E+01
4.817109E-01	2.702037E+01	3.228036E+01
5.026548E-01	2.742507E+01	3.272889E+01
5.235988E-01	2.921217E+01	3.595787E+01
5.445427E-01	2.936096E+01	3.496059E+01
5.654867E-01	3.089979E+01	3.729480E+01
5.864306E-01	3.200994E+01	3.809238E+01
6.073746E-01	3.250659E+01	3.909356E+01
6.283185E-01	3.441978E+01	4.188776E+01
6.492625E-01	3.482416E+01	4.116673E+01
6.702064E-01	3.673347E+01	4.418975E+01
6.911504E-01	3.662692E+01	4.398411E+01
7.120943E-01	3.939951E+01	4.833565E+01
7.330383E-01	4.084830E+01	4.945145E+01
7.539822E-01	4.098541E+01	4.844946E+01
7.749262E-01	4.167971E+01	5.141441E+01
7.958701E-01	4.319347E+01	5.228359E+01
8.168141E-01	4.443323E+01	5.309003E+01
8.377580E-01	4.569217E+01	5.493737E+01
8.587020E-01	4.683416E+01	5.671419E+01
8.796459E-01	4.814521E+01	5.735461E+01
9.005899E-01	4.933182E+01	5.960750E+01
9.215338E-01	5.020533E+01	6.050031E+01
9.424778E-01	5.021925E+01	6.040396E+01
9.634217E-01	5.133840E+01	6.247256E+01
9.843657E-01	5.263332E+01	6.382034E+01
1.005310E+00	5.418983E+01	6.527778E+01
1.026254E+00	5.444528E+01	6.546901E+01
1.047198E+00	5.659718E+01	6.765180E+01
1.068142E+00	5.711016E+01	6.966850E+01
1.089085E+00	5.760571E+01	6.934035E+01
1.110029E+00	5.827376E+01	7.086871E+01
1.130973E+00	5.882432E+01	7.100036E+01
1.151917E+00	5.920065E+01	7.216490E+01
1.172861E+00	6.108129E+01	7.461434E+01
1.193805E+00	6.166609E+01	7.512202E+01
1.214749E+00	6.223031E+01	7.504077E+01
1.235693E+00	6.361012E+01	7.642752E+01
1.256637E+00	6.288871E+01	7.491166E+01
1.277581E+00	6.285091E+01	7.618409E+01
1.298525E+00	6.464662E+01	7.804462E+01
1.319469E+00	6.470688E+01	7.813023E+01
1.340413E+00	6.563524E+01	7.826534E+01
1.361357E+00	6.657896E+01	7.917671E+01
1.382301E+00	6.625455E+01	7.987523E+01
1.403245E+00	6.649202E+01	7.899489E+01
1.424189E+00	6.791207E+01	8.065802E+01
1.445133E+00	6.805890E+01	8.185745E+01
1.466077E+00	6.785660E+01	8.031832E+01
1.487021E+00	6.909563E+01	8.274851E+01
1.507964E+00	6.898459E+01	8.195901E+01
1.528908E+00	6.908833E+01	8.121508E+01
1.549852E+00	6.931932E+01	8.238725E+01
1.570796E+00	6.940034E+01	8.173015E+01
1.591740E+00	6.973632E+01	8.227260E+01
1.612684E+00	6.990980E+01	8.198163E+01
1.633628E+00	7.010248E+01	8.111697E+01
1.654572E+00	7.016180E+01	8.231317E+01
1.675516E+00	7.102014E+01	8.208197E+01
1.696460E+00	7.113718E+01	8.249744E+01
1.717404E+00	7.110620E+01	8.214178E+01
1.738348E+00	7.097051E+01	8.274996E+01
1.759292E+00	7.143329E+01	8.242472E+01
1.780236E+00	7.178088E+01	8.216556E+01
1.801180E+00	7.159375E+01	8.132355E+01
1.822124E+00	7.198796E+01	8.212976E+01
1.843068E+00	7.194560E+01	8.243710E+01
1.864012E+00	7.179009E+01	8.179052E+01
1.884956E+00	7.233255E+01	8.143560E+01
1.905900E+00	7.193821E+01	8.207356E+01
1.926843E+00	7.251461E+01	8.208558E+01
1.947787E+00	7.194862E+01	8.232504E+01
1.968731E+00	7.307963E+01	8.223621E+01
1.989675E+00	7.242706E+01	8.216480E+01
2.010619E+00	7.243648E+01	8.171352E+01
2.031563E+00	7.223946E+01	8.041301E+01
2.052507E+00	7.317739E+01	8.223253E+01
2.073451E+00	7.277884E+01	8.155422E+01
2.094395E+00	7.362732E+01	8.201037E+01
2.115339E+00	7.320273E+01	8.171486E+01
2.136283E+00	7.322104E+01	8.240019E+01
2.157227E+00	7.343901E+01	8.221919E+01
2.178171E+00	7.364075E+01	8.132664E+01
2.199115E+00	7.357461E+01	8.112287E+01
2.220059E+00	7.377723E+01	8.208539E+01
2.241003E+00	7.329212E+01	8.099963E+01
2.261947E+00	7.468878E+01	8.179393E+01
2.282891E+00	7.417358E+01	8.175608E+01
2.303835E+00	7.475551E+01	8.197873E+01
2.324779E+00	7.490774E+01	8.230702E+01
2.345723E+00	7.469852E+01	8.245554E+01
2.366666E+00	7.491380E+01	8.206354E+01
2.387610E+00	7.511650E+01	8.159139E+01
2.408554E+00	7.547591E+01	8.315163E+01
2.429498E+00	7.591600E+01	8.350242E+01
2.450442E+00	7.632801E+01	8.343005E+01
2.471386E+00	7.617043E+01	8.314783E+01
2.492330E+00	7.693342E+01	8.383706E+01
2.513274E+00	7.633868E+01	8.374177E+01
2.534218E+00	7.733941E+01	8.501140E+01
2.555162E+00	7.773640E+01	8.527991E+01
2.576106E+00	7.752899E+01	8.419993E+01
2.597050E+00	7.824627E+01	8.574042E+01
2.617994E+00	7.849686E+01	8.655376E+01
2.638938E+00	7.908581E+01	8.661208E+01
2.659882E+00	7.955623E+01	8.767897E+01
