     2    0.41888E-01    0.43997E+00    0.50981E+00    0.87089E+00
     3    0.62832E-01   -0.20309E+01    0.13507E+01    0.21797E+01
     4    0.83776E-01   -0.48684E+01    0.23381E+01    0.28432E+01
     5    0.10472E+00    0.20307E+01    0.27664E+01    0.27970E+01
     6    0.12566E+00    0.43477E+01    0.36326E+01    0.35112E+01
     7    0.14661E+00    0.68225E+01    0.42746E+01    0.38443E+01
     8    0.16755E+00    0.73008E+01    0.48534E+01    0.36403E+01
     9    0.18850E+00    0.85335E+00    0.53053E+01    0.34218E+01
    10    0.20944E+00   -0.12822E+01    0.57957E+01    0.32569E+01
    11    0.23038E+00    0.74511E+01    0.68383E+01    0.39079E+01
    12    0.25133E+00    0.81937E+01    0.71742E+01    0.36104E+01
    13    0.27227E+00    0.49833E+01    0.79606E+01    0.37004E+01
    14    0.29322E+00    0.10153E+02    0.81472E+01    0.36199E+01
    15    0.31416E+00    0.79006E+01    0.88965E+01    0.38552E+01
    16    0.33510E+00    0.99970E+01    0.93592E+01    0.36916E+01
    17    0.35605E+00    0.87929E+01    0.10055E+02    0.35947E+01
    18    0.37699E+00    0.13820E+02    0.10543E+02    0.36228E+01
    19    0.39794E+00    0.88694E+01    0.11183E+02    0.36937E+01
    20    0.41888E+00    0.93952E+01    0.11896E+02    0.36378E+01
    21    0.43982E+00    0.79146E+01    0.12018E+02    0.34958E+01
    22    0.46077E+00    0.10697E+02    0.12900E+02    0.36083E+01
    23    0.48171E+00    0.12547E+02    0.13489E+02    0.36702E+01
    24    0.50265E+00    0.18893E+02    0.14055E+02    0.36565E+01
    25    0.52360E+00    0.16825E+02    0.14468E+02    0.35450E+01
    26    0.54454E+00    0.22424E+02    0.15093E+02    0.35775E+01
    27    0.56549E+00    0.22401E+02    0.15783E+02    0.36132E+01
    28    0.58643E+00    0.13454E+02    0.16039E+02    0.35303E+01
    29    0.60737E+00    0.14213E+02    0.16621E+02    0.34619E+01
    30    0.62832E+00    0.28137E+02    0.17449E+02    0.36242E+01
    31    0.64926E+00    0.24203E+02    0.18034E+02    0.35731E+01
    32    0.67021E+00    0.23157E+02    0.18556E+02    0.35871E+01
    33    0.69115E+00    0.24982E+02    0.18531E+02    0.34443E+01
    34    0.71209E+00    0.37372E+02    0.19800E+02    0.35176E+01
    35    0.73304E+00    0.34017E+02    0.20684E+02    0.35886E+01
    36    0.75398E+00    0.33287E+02    0.21095E+02    0.34890E+01
    37    0.77493E+00    0.40606E+02    0.21919E+02    0.36070E+01
    38    0.79587E+00    0.45912E+02    0.22553E+02    0.35653E+01
    39    0.81681E+00    0.48394E+02    0.22708E+02    0.35421E+01
    40    0.83776E+00    0.49227E+02    0.23773E+02    0.35576E+01
    41    0.85870E+00    0.42319E+02    0.24018E+02    0.34181E+01
    42    0.87965E+00    0.48477E+02    0.24944E+02    0.34879E+01
    43    0.90059E+00    0.56234E+02    0.25201E+02    0.34600E+01
    44    0.92153E+00    0.56835E+02    0.26323E+02    0.34854E+01
    45    0.94248E+00    0.57157E+02    0.26310E+02    0.33865E+01
    46    0.96342E+00    0.66207E+02    0.27540E+02    0.34758E+01
    47    0.98437E+00    0.59147E+02    0.27971E+02    0.34336E+01
    48    0.10053E+01    0.63949E+02    0.28763E+02    0.33987E+01
    49    0.10263E+01    0.71749E+02    0.29134E+02    0.33575E+01
    50    0.10472E+01    0.63234E+02    0.29925E+02    0.33101E+01
    51    0.10681E+01    0.67453E+02    0.30428E+02    0.33449E+01
    52    0.10891E+01    0.72295E+02    0.31095E+02    0.32636E+01
    53    0.11100E+01    0.83766E+02    0.31419E+02    0.32420E+01
    54    0.11310E+01    0.80254E+02    0.32200E+02    0.32543E+01
    55    0.11519E+01    0.80495E+02    0.32566E+02    0.32145E+01
    56    0.11729E+01    0.80757E+02    0.33313E+02    0.31956E+01
    57    0.11938E+01    0.86741E+02    0.33495E+02    0.30949E+01
    58    0.12147E+01    0.87249E+02    0.34144E+02    0.31096E+01
    59    0.12357E+01    0.76584E+02    0.34755E+02    0.30651E+01
    60    0.12566E+01    0.90782E+02    0.35479E+02    0.30380E+01
    61    0.12776E+01    0.94173E+02    0.35340E+02    0.29896E+01
    62    0.12985E+01    0.92130E+02    0.36260E+02    0.29597E+01
    63    0.13195E+01    0.89708E+02    0.36444E+02    0.29421E+01
    64    0.13404E+01    0.95200E+02    0.37125E+02    0.28840E+01
    65    0.13614E+01    0.96310E+02    0.37827E+02    0.28515E+01
    66    0.13823E+01    0.93557E+02    0.38162E+02    0.28141E+01
    67    0.14032E+01    0.90898E+02    0.38196E+02    0.27400E+01
    68    0.14242E+01    0.92216E+02    0.38618E+02    0.27178E+01
    69    0.14451E+01    0.93663E+02    0.38945E+02    0.26550E+01
    70    0.14661E+01    0.92539E+02    0.39094E+02    0.26229E+01
    71    0.14870E+01    0.96371E+02    0.39772E+02    0.26021E+01
    72    0.15080E+01    0.97702E+02    0.40297E+02    0.25616E+01
    73    0.15289E+01    0.10029E+03    0.40264E+02    0.24995E+01
    74    0.15499E+01    0.10125E+03    0.41277E+02    0.24878E+01
    75    0.15708E+01    0.10133E+03    0.41109E+02    0.24493E+01
    76    0.15917E+01    0.95859E+02    0.41376E+02    0.23963E+01
    77    0.16127E+01    0.98013E+02    0.41536E+02    0.23309E+01
    78    0.16336E+01    0.10362E+03    0.42538E+02    0.23553E+01
    79    0.16546E+01    0.97057E+02    0.41964E+02    0.22669E+01
    80    0.16755E+01    0.95974E+02    0.42779E+02    0.22415E+01
    81    0.16965E+01    0.95234E+02    0.42639E+02    0.21801E+01
    82    0.17174E+01    0.98916E+02    0.43950E+02    0.21933E+01
    83    0.17383E+01    0.10089E+03    0.43605E+02    0.21360E+01
    84    0.17593E+01    0.10090E+03    0.43802E+02    0.20941E+01
    85    0.17802E+01    0.10040E+03    0.44412E+02    0.20640E+01
    86    0.18012E+01    0.99698E+02    0.44594E+02    0.20276E+01
    87    0.18221E+01    0.95332E+02    0.44877E+02    0.20094E+01
    88    0.18431E+01    0.99937E+02    0.44802E+02    0.19656E+01
    89    0.18640E+01    0.10038E+03    0.45490E+02    0.19389E+01
    90    0.18850E+01    0.10153E+03    0.45698E+02    0.18911E+01
    91    0.19059E+01    0.99405E+02    0.45692E+02    0.18505E+01
    92    0.19268E+01    0.10144E+03    0.46338E+02    0.18453E+01
    93    0.19478E+01    0.96525E+02    0.46486E+02    0.18001E+01
    94    0.19687E+01    0.97550E+02    0.46693E+02    0.17808E+01
    95    0.19897E+01    0.10031E+03    0.47472E+02    0.17766E+01
    96    0.20106E+01    0.99937E+02    0.47314E+02    0.17216E+01
    97    0.20316E+01    0.99792E+02    0.47285E+02    0.16760E+01
    98    0.20525E+01    0.99919E+02    0.48356E+02    0.16761E+01
    99    0.20735E+01    0.96376E+02    0.48357E+02    0.16457E+01
   100    0.20944E+01    0.10154E+03    0.48910E+02    0.16226E+01
   101    0.21153E+01    0.10159E+03    0.48971E+02    0.16034E+01
   102    0.21363E+01    0.10076E+03    0.49281E+02    0.15728E+01
   103    0.21572E+01    0.10249E+03    0.49645E+02    0.15434E+01
   104    0.21782E+01    0.97149E+02    0.50080E+02    0.15410E+01
   105    0.21991E+01    0.10228E+03    0.50942E+02    0.15160E+01
   106    0.22201E+01    0.10416E+03    0.50660E+02    0.14842E+01
   107    0.22410E+01    0.10349E+03    0.50840E+02    0.14703E+01
   108    0.22619E+01    0.99721E+02    0.51383E+02    0.14428E+01
   109    0.22829E+01    0.10508E+03    0.51879E+02    0.14239E+01
   110    0.23038E+01    0.11013E+03    0.52704E+02    0.14274E+01
   111    0.23248E+01    0.10774E+03    0.52670E+02    0.13980E+01
   112    0.23457E+01    0.10607E+03    0.53034E+02    0.13705E+01
   113    0.23667E+01    0.10757E+03    0.52956E+02    0.13492E+01
   114    0.23876E+01    0.11324E+03    0.54151E+02    0.13493E+01
   115    0.24086E+01    0.11032E+03    0.54465E+02    0.13315E+01
   116    0.24295E+01    0.11716E+03    0.54901E+02    0.13148E+01
   117    0.24504E+01    0.11849E+03    0.55386E+02    0.12936E+01
   118    0.24714E+01    0.11695E+03    0.55606E+02    0.12879E+01
   119    0.24923E+01    0.12033E+03    0.56059E+02    0.12861E+01
   120    0.25133E+01    0.12155E+03    0.56778E+02    0.12610E+01
   121    0.25342E+01    0.12428E+03    0.56938E+02    0.12513E+01
   122    0.25552E+01    0.12604E+03    0.57847E+02    0.12406E+01
   123    0.25761E+01    0.12665E+03    0.58548E+02    0.12457E+01
   124    0.25970E+01    0.13230E+03    0.58615E+02    0.12273E+01
   125    0.26180E+01    0.13208E+03    0.59600E+02    0.12144E+01
   126    0.26389E+01    0.13701E+03    0.60005E+02    0.12209E+01
   127    0.26599E+01    0.13664E+03    0.60186E+02    0.11983E+01
