     2    0.41888E-01    0.29385E+00    0.34209E+00    0.58247E+00
     3    0.62832E-01   -0.14936E+01    0.91487E+00    0.14690E+01
     4    0.83776E-01   -0.30624E+01    0.15857E+01    0.19338E+01
     5    0.10472E+00    0.15975E+01    0.18383E+01    0.18578E+01
     6    0.12566E+00    0.30817E+01    0.24581E+01    0.23754E+01
     7    0.14661E+00    0.57891E+01    0.30438E+01    0.27414E+01
     8    0.16755E+00    0.67234E+01    0.34537E+01    0.25891E+01
     9    0.18850E+00    0.34923E+00    0.38082E+01    0.24626E+01
    10    0.20944E+00    0.80051E-01    0.40661E+01    0.23284E+01
    11    0.23038E+00    0.64693E+01    0.48961E+01    0.28087E+01
    12    0.25133E+00    0.77755E+01    0.53581E+01    0.27527E+01
    13    0.27227E+00    0.69591E+01    0.59525E+01    0.28146E+01
    14    0.29322E+00    0.13961E+02    0.62865E+01    0.28194E+01
    15    0.31416E+00    0.12940E+02    0.70733E+01    0.31416E+01
    16    0.33510E+00    0.15478E+02    0.75514E+01    0.30652E+01
    17    0.35605E+00    0.15304E+02    0.80789E+01    0.29178E+01
    18    0.37699E+00    0.19330E+02    0.86594E+01    0.30273E+01
    19    0.39794E+00    0.21614E+02    0.93684E+01    0.32086E+01
    20    0.41888E+00    0.17921E+02    0.99961E+01    0.31199E+01
    21    0.43982E+00    0.23187E+02    0.10393E+02    0.31393E+01
    22    0.46077E+00    0.26002E+02    0.11598E+02    0.33517E+01
    23    0.48171E+00    0.21591E+02    0.11955E+02    0.33059E+01
    24    0.50265E+00    0.39181E+02    0.12812E+02    0.34599E+01
    25    0.52360E+00    0.37864E+02    0.13329E+02    0.33816E+01
    26    0.54454E+00    0.41921E+02    0.13899E+02    0.33714E+01
    27    0.56549E+00    0.44540E+02    0.14944E+02    0.35168E+01
    28    0.58643E+00    0.40281E+02    0.14894E+02    0.33976E+01
    29    0.60737E+00    0.50346E+02    0.15710E+02    0.34196E+01
    30    0.62832E+00    0.52122E+02    0.16508E+02    0.35001E+01
    31    0.64926E+00    0.52215E+02    0.17387E+02    0.35332E+01
    32    0.67021E+00    0.60815E+02    0.17997E+02    0.35881E+01
    33    0.69115E+00    0.64766E+02    0.18425E+02    0.35255E+01
    34    0.71209E+00    0.73908E+02    0.19614E+02    0.36030E+01
    35    0.73304E+00    0.70638E+02    0.20371E+02    0.36288E+01
    36    0.75398E+00    0.66840E+02    0.20457E+02    0.34999E+01
    37    0.77493E+00    0.72386E+02    0.20998E+02    0.35204E+01
    38    0.79587E+00    0.70531E+02    0.21550E+02    0.34795E+01
    39    0.81681E+00    0.79817E+02    0.22310E+02    0.35502E+01
    40    0.83776E+00    0.81029E+02    0.22920E+02    0.34954E+01
    41    0.85870E+00    0.75149E+02    0.23462E+02    0.33863E+01
    42    0.87965E+00    0.87165E+02    0.24167E+02    0.34667E+01
    43    0.90059E+00    0.86328E+02    0.24425E+02    0.34099E+01
    44    0.92153E+00    0.88019E+02    0.25318E+02    0.34470E+01
    45    0.94248E+00    0.91525E+02    0.25549E+02    0.33512E+01
    46    0.96342E+00    0.91948E+02    0.26122E+02    0.33463E+01
    47    0.98437E+00    0.94406E+02    0.26823E+02    0.33688E+01
    48    0.10053E+01    0.90202E+02    0.26979E+02    0.32539E+01
    49    0.10263E+01    0.95921E+02    0.28111E+02    0.32632E+01
    50    0.10472E+01    0.92064E+02    0.28421E+02    0.32117E+01
    51    0.10681E+01    0.93391E+02    0.29086E+02    0.32437E+01
    52    0.10891E+01    0.91300E+02    0.29185E+02    0.31377E+01
    53    0.11100E+01    0.10415E+03    0.30272E+02    0.31620E+01
    54    0.11310E+01    0.10395E+03    0.30797E+02    0.31744E+01
    55    0.11519E+01    0.10429E+03    0.30770E+02    0.30983E+01
    56    0.11729E+01    0.10070E+03    0.31204E+02    0.30491E+01
    57    0.11938E+01    0.10476E+03    0.31571E+02    0.29803E+01
    58    0.12147E+01    0.10259E+03    0.32370E+02    0.30180E+01
    59    0.12357E+01    0.99612E+02    0.32680E+02    0.29615E+01
    60    0.12566E+01    0.99586E+02    0.32709E+02    0.28606E+01
    61    0.12776E+01    0.10335E+03    0.33451E+02    0.28601E+01
    62    0.12985E+01    0.10274E+03    0.34326E+02    0.28534E+01
    63    0.13195E+01    0.10390E+03    0.34620E+02    0.28730E+01
    64    0.13404E+01    0.10286E+03    0.34644E+02    0.27621E+01
    65    0.13614E+01    0.10424E+03    0.35155E+02    0.27077E+01
    66    0.13823E+01    0.10725E+03    0.35822E+02    0.27161E+01
    67    0.14032E+01    0.10987E+03    0.35989E+02    0.26680E+01
    68    0.14242E+01    0.10879E+03    0.36972E+02    0.26879E+01
    69    0.14451E+01    0.11074E+03    0.37166E+02    0.26073E+01
    70    0.14661E+01    0.10443E+03    0.37584E+02    0.25958E+01
    71    0.14870E+01    0.96258E+02    0.37474E+02    0.25281E+01
    72    0.15080E+01    0.10140E+03    0.38506E+02    0.25123E+01
    73    0.15289E+01    0.10182E+03    0.38706E+02    0.24773E+01
    74    0.15499E+01    0.10195E+03    0.38675E+02    0.24146E+01
    75    0.15708E+01    0.98422E+02    0.39316E+02    0.24063E+01
    76    0.15917E+01    0.10779E+03    0.39726E+02    0.23719E+01
    77    0.16127E+01    0.96197E+02    0.40159E+02    0.23327E+01
    78    0.16336E+01    0.10093E+03    0.40602E+02    0.23109E+01
    79    0.16546E+01    0.96236E+02    0.40957E+02    0.22811E+01
    80    0.16755E+01    0.10264E+03    0.41638E+02    0.22650E+01
    81    0.16965E+01    0.96085E+02    0.41719E+02    0.21955E+01
    82    0.17174E+01    0.10069E+03    0.41899E+02    0.21726E+01
    83    0.17383E+01    0.98629E+02    0.42365E+02    0.21472E+01
    84    0.17593E+01    0.96108E+02    0.42825E+02    0.21191E+01
    85    0.17802E+01    0.93086E+02    0.43239E+02    0.20875E+01
    86    0.18012E+01    0.99368E+02    0.43728E+02    0.20673E+01
    87    0.18221E+01    0.95510E+02    0.44025E+02    0.20386E+01
    88    0.18431E+01    0.92378E+02    0.44549E+02    0.20178E+01
    89    0.18640E+01    0.90951E+02    0.45071E+02    0.19913E+01
    90    0.18850E+01    0.92384E+02    0.45320E+02    0.19515E+01
    91    0.19059E+01    0.92816E+02    0.45287E+02    0.19111E+01
    92    0.19268E+01    0.94155E+02    0.46143E+02    0.19047E+01
    93    0.19478E+01    0.93758E+02    0.46131E+02    0.18654E+01
    94    0.19687E+01    0.96332E+02    0.46773E+02    0.18598E+01
    95    0.19897E+01    0.96810E+02    0.47310E+02    0.18448E+01
    96    0.20106E+01    0.89240E+02    0.47653E+02    0.18053E+01
    97    0.20316E+01    0.91730E+02    0.48022E+02    0.17849E+01
    98    0.20525E+01    0.91631E+02    0.48560E+02    0.17586E+01
    99    0.20735E+01    0.92551E+02    0.49253E+02    0.17579E+01
   100    0.20944E+01    0.86315E+02    0.49004E+02    0.17006E+01
   101    0.21153E+01    0.88834E+02    0.49621E+02    0.16877E+01
   102    0.21363E+01    0.94811E+02    0.50477E+02    0.16855E+01
   103    0.21572E+01    0.91589E+02    0.50780E+02    0.16563E+01
   104    0.21782E+01    0.89978E+02    0.51340E+02    0.16495E+01
   105    0.21991E+01    0.87841E+02    0.51637E+02    0.16136E+01
   106    0.22201E+01    0.92157E+02    0.52128E+02    0.16059E+01
   107    0.22410E+01    0.89977E+02    0.53024E+02    0.15941E+01
   108    0.22619E+01    0.90393E+02    0.52910E+02    0.15611E+01
   109    0.22829E+01    0.91394E+02    0.53501E+02    0.15398E+01
   110    0.23038E+01    0.89993E+02    0.54218E+02    0.15390E+01
   111    0.23248E+01    0.97474E+02    0.54923E+02    0.15335E+01
   112    0.23457E+01    0.92133E+02    0.55625E+02    0.15173E+01
   113    0.23667E+01    0.92773E+02    0.55790E+02    0.14933E+01
   114    0.23876E+01    0.94666E+02    0.56274E+02    0.14726E+01
   115    0.24086E+01    0.96397E+02    0.56824E+02    0.14646E+01
   116    0.24295E+01    0.99029E+02    0.57613E+02    0.14519E+01
   117    0.24504E+01    0.95865E+02    0.58164E+02    0.14391E+01
   118    0.24714E+01    0.97639E+02    0.58818E+02    0.14356E+01
   119    0.24923E+01    0.10212E+03    0.59388E+02    0.14308E+01
   120    0.25133E+01    0.10374E+03    0.60336E+02    0.14205E+01
   121    0.25342E+01    0.10780E+03    0.60762E+02    0.14088E+01
   122    0.25552E+01    0.10614E+03    0.61131E+02    0.13823E+01
   123    0.25761E+01    0.11067E+03    0.62243E+02    0.13878E+01
   124    0.25970E+01    0.10988E+03    0.63219E+02    0.13893E+01
   125    0.26180E+01    0.11198E+03    0.63647E+02    0.13657E+01
   126    0.26389E+01    0.11543E+03    0.64432E+02    0.13747E+01
   127    0.26599E+01    0.11580E+03    0.64940E+02    0.13607E+01
