4.188790E-02	5.108618E-01	5.228809E+00	2.271976E-31	5.975104E-01	9.171043E-01
6.283185E-02	-2.355752E+00	1.360043E+01	2.860207E-04	1.589226E+00	9.274226E-01
8.377580E-02	-5.614202E+00	2.819538E+01	5.239013E-03	2.746786E+00	1.133551E+00
1.047198E-01	1.614614E+00	2.822819E+01	2.314734E-02	3.242404E+00	9.489542E-01
1.256637E-01	6.475640E+00	3.410997E+01	4.244043E-02	4.257467E+00	9.604481E-01
1.466077E-01	9.385291E+00	3.859060E+01	2.670117E-02	5.013703E+00	9.669525E-01
1.675516E-01	6.280675E+00	4.341528E+01	4.588771E-02	5.688708E+00	1.068115E+00
1.884956E-01	2.096558E+00	4.425867E+01	1.882264E-02	6.204948E+00	9.666676E-01
2.094395E-01	-2.960936E+00	4.506740E+01	1.063785E-01	6.778517E+00	9.915559E-01
2.303835E-01	8.623837E+00	5.804998E+01	1.887880E-02	8.000766E+00	1.021010E+00
2.513274E-01	7.359161E+00	5.685664E+01	1.073146E-01	8.312137E+00	1.034745E+00
2.722714E-01	3.080352E+00	5.816976E+01	7.126528E-02	9.237156E+00	1.007441E+00
2.932153E-01	1.116498E+01	6.553660E+01	8.246394E-02	9.494522E+00	1.070147E+00
3.141593E-01	9.300879E+00	6.516738E+01	8.314237E-02	1.029460E+01	1.006144E+00
3.351032E-01	9.843738E+00	6.367255E+01	3.017244E-02	1.073134E+01	1.013225E+00
3.560472E-01	1.018178E+01	7.116403E+01	1.902357E-02	1.160632E+01	1.018637E+00
3.769911E-01	1.743477E+01	7.090100E+01	4.467282E-02	1.217441E+01	1.002503E+00
3.979351E-01	8.790875E+00	6.929617E+01	4.680253E-02	1.269140E+01	9.990276E-01
4.188790E-01	4.420186E+00	7.022608E+01	6.551467E-02	1.349803E+01	1.010957E+00
4.398230E-01	7.116007E+00	7.159508E+01	4.323129E-02	1.353203E+01	9.669226E-01
4.607669E-01	5.981746E+00	7.639300E+01	8.504385E-02	1.451041E+01	1.000799E+00
4.817109E-01	1.170856E+01	7.825924E+01	5.926000E-02	1.507528E+01	1.024071E+00
5.026548E-01	1.311698E+01	7.419140E+01	6.752606E-02	1.541768E+01	9.773134E-01
5.235988E-01	1.852154E+01	7.875699E+01	6.412476E-02	1.594355E+01	1.001629E+00
5.445427E-01	1.784525E+01	7.993953E+01	3.865518E-02	1.637919E+01	9.969384E-01
5.654867E-01	1.973494E+01	8.127344E+01	4.211731E-02	1.704057E+01	1.007692E+00
5.864306E-01	1.123706E+01	7.948377E+01	4.048036E-02	1.738932E+01	9.811648E-01
6.073746E-01	9.275144E+00	7.882708E+01	4.673402E-02	1.768118E+01	9.848926E-01
6.283185E-01	2.208480E+01	8.571955E+01	8.468176E-02	1.865993E+01	1.000675E+00
6.492625E-01	1.743450E+01	8.606034E+01	6.031212E-02	1.886310E+01	9.960195E-01
6.702064E-01	1.452735E+01	8.714740E+01	5.781177E-02	1.961410E+01	1.012503E+00
6.911504E-01	2.093445E+01	8.521978E+01	5.251126E-02	1.929206E+01	1.016839E+00
7.120943E-01	2.980336E+01	9.089240E+01	4.798599E-02	2.067063E+01	1.026732E+00
7.330383E-01	2.695782E+01	8.962798E+01	6.108391E-02	2.136929E+01	1.010951E+00
7.539822E-01	2.245102E+01	8.811471E+01	7.001537E-02	2.165857E+01	9.980127E-01
7.749262E-01	2.968941E+01	9.021916E+01	5.089231E-02	2.210506E+01	1.004173E+00
7.958701E-01	3.148106E+01	8.953284E+01	3.982123E-02	2.302398E+01	9.892155E-01
8.168141E-01	3.836470E+01	9.111105E+01	6.509697E-02	2.321015E+01	1.003227E+00
8.377580E-01	3.714986E+01	9.446292E+01	7.203827E-02	2.397336E+01	1.006422E+00
8.587020E-01	2.983108E+01	9.029943E+01	7.147966E-02	2.391381E+01	1.001078E+00
8.796459E-01	3.273841E+01	9.260831E+01	6.922422E-02	2.489505E+01	1.006981E+00
9.005899E-01	4.294813E+01	9.610304E+01	7.554596E-02	2.568902E+01	1.011461E+00
9.215338E-01	4.274647E+01	9.611010E+01	5.848785E-02	2.629460E+01	1.009739E+00
9.424778E-01	3.723770E+01	9.211263E+01	8.263858E-02	2.626200E+01	9.988837E-01
9.634217E-01	5.123253E+01	9.864140E+01	6.182025E-02	2.735172E+01	1.023360E+00
9.843657E-01	3.945470E+01	9.827057E+01	6.636729E-02	2.777904E+01	1.026519E+00
1.005310E+00	5.046299E+01	1.017072E+02	5.461570E-02	2.897937E+01	1.030871E+00
1.026254E+00	5.409452E+01	9.775948E+01	7.771825E-02	2.879944E+01	1.013175E+00
1.047198E+00	4.628583E+01	9.844122E+01	5.910896E-02	2.974948E+01	1.013182E+00
1.068142E+00	4.756935E+01	1.000986E+02	5.740098E-02	3.018602E+01	1.031671E+00
1.089085E+00	5.697442E+01	9.674032E+01	7.681172E-02	3.053374E+01	1.002280E+00
1.110029E+00	6.313310E+01	9.864182E+01	9.019644E-02	3.123156E+01	1.015408E+00
1.130973E+00	6.082314E+01	1.004488E+02	8.482663E-02	3.175112E+01	1.031397E+00
1.151917E+00	6.141197E+01	9.847875E+01	1.054790E-01	3.214002E+01	1.016862E+00
1.172861E+00	6.115247E+01	1.007076E+02	8.761952E-02	3.309339E+01	1.028803E+00
1.193805E+00	6.542439E+01	9.776542E+01	7.403786E-02	3.338932E+01	1.017254E+00
1.214749E+00	6.965585E+01	9.935907E+01	8.233862E-02	3.370007E+01	1.028737E+00
1.235693E+00	6.311728E+01	9.831478E+01	9.439068E-02	3.433598E+01	1.019019E+00
1.256637E+00	6.380588E+01	9.679040E+01	7.940961E-02	3.495376E+01	1.019742E+00
1.277581E+00	7.247929E+01	9.832725E+01	7.750904E-02	3.542755E+01	1.037038E+00
1.298525E+00	7.539319E+01	9.843567E+01	1.028413E-01	3.607803E+01	1.041582E+00
1.319469E+00	7.992025E+01	9.928992E+01	1.203276E-01	3.656244E+01	1.046108E+00
1.340413E+00	7.286003E+01	9.771672E+01	9.089298E-02	3.682952E+01	1.036389E+00
1.361357E+00	8.247542E+01	9.715760E+01	1.102276E-01	3.768065E+01	1.044292E+00
1.382301E+00	8.173143E+01	9.636911E+01	1.064963E-01	3.796917E+01	1.040612E+00
1.403245E+00	7.897869E+01	9.659392E+01	9.983671E-02	3.841046E+01	1.044173E+00
1.424189E+00	8.072146E+01	9.516487E+01	9.029240E-02	3.863200E+01	1.047989E+00
1.445133E+00	7.560840E+01	9.487335E+01	9.208749E-02	3.916210E+01	1.049053E+00
1.466077E+00	8.158287E+01	9.408533E+01	9.504307E-02	3.937692E+01	1.059815E+00
1.487021E+00	8.642982E+01	9.363151E+01	1.112224E-01	3.979477E+01	1.064461E+00
1.507964E+00	9.115275E+01	9.351860E+01	9.814121E-02	4.052670E+01	1.068952E+00
1.528908E+00	8.881225E+01	9.193766E+01	8.569527E-02	4.038313E+01	1.059572E+00
1.549852E+00	8.421949E+01	9.244583E+01	1.169400E-01	4.113882E+01	1.057708E+00
1.570796E+00	8.857546E+01	9.098913E+01	1.075728E-01	4.113856E+01	1.075412E+00
1.591740E+00	8.980149E+01	8.958830E+01	8.190703E-02	4.155989E+01	1.065347E+00
1.612684E+00	8.493113E+01	8.667755E+01	1.004079E-01	4.168001E+01	1.055369E+00
1.633628E+00	8.973472E+01	8.755127E+01	1.131467E-01	4.245106E+01	1.060188E+00
1.654572E+00	9.200231E+01	8.694215E+01	7.775609E-02	4.235604E+01	1.079383E+00
1.675516E+00	8.915101E+01	8.730684E+01	8.496389E-02	4.304733E+01	1.074831E+00
1.696460E+00	8.665076E+01	8.493731E+01	7.918010E-02	4.335788E+01	1.076686E+00
1.717404E+00	9.049773E+01	8.571932E+01	8.441005E-02	4.400960E+01	1.084741E+00
1.738348E+00	9.353576E+01	8.382411E+01	9.168564E-02	4.384608E+01	1.080898E+00
1.759292E+00	9.187267E+01	8.338740E+01	8.195727E-02	4.423564E+01	1.085819E+00
1.780236E+00	9.337106E+01	8.215760E+01	9.426975E-02	4.488343E+01	1.081621E+00
1.801180E+00	9.298271E+01	8.129263E+01	6.354556E-02	4.476753E+01	1.090970E+00
1.822124E+00	9.405575E+01	7.984072E+01	7.743484E-02	4.531176E+01	1.087936E+00
1.843068E+00	9.537135E+01	7.999712E+01	7.436222E-02	4.565748E+01	1.089498E+00
1.864012E+00	9.531047E+01	7.901154E+01	8.152165E-02	4.599518E+01	1.092171E+00
1.884956E+00	9.672216E+01	7.754413E+01	4.837335E-02	4.562216E+01	1.101449E+00
1.905900E+00	9.453396E+01	7.590845E+01	8.580003E-02	4.622008E+01	1.086198E+00
1.926843E+00	9.651856E+01	7.735934E+01	6.401209E-02	4.701216E+01	1.102737E+00
1.947787E+00	9.306326E+01	7.450200E+01	6.507443E-02	4.646625E+01	1.093041E+00
1.968731E+00	9.901014E+01	7.418232E+01	6.684732E-02	4.700165E+01	1.115296E+00
1.989675E+00	1.005266E+02	7.432624E+01	5.163120E-02	4.796046E+01	1.100072E+00
2.010619E+00	9.545398E+01	7.204535E+01	6.317751E-02	4.734075E+01	1.102713E+00
2.031563E+00	1.009437E+02	7.190879E+01	6.609416E-02	4.819484E+01	1.110816E+00
2.052507E+00	9.561540E+01	7.051134E+01	5.158307E-02	4.794101E+01	1.105289E+00
2.073451E+00	9.616328E+01	6.973024E+01	5.505323E-02	4.833470E+01	1.097540E+00
2.094395E+00	1.008896E+02	6.997963E+01	5.831208E-02	4.901162E+01	1.109838E+00
2.115339E+00	1.012283E+02	6.868147E+01	5.139099E-02	4.882358E+01	1.111302E+00
2.136283E+00	9.920225E+01	6.851747E+01	5.904649E-02	4.953294E+01	1.114588E+00
2.157227E+00	9.974394E+01	6.741304E+01	5.132217E-02	4.996070E+01	1.122266E+00
2.178171E+00	1.029384E+02	6.704957E+01	5.283641E-02	4.990474E+01	1.117861E+00
2.199115E+00	1.030014E+02	6.673816E+01	5.772529E-02	5.032809E+01	1.123698E+00
2.220059E+00	1.045171E+02	6.692893E+01	6.840095E-02	5.098779E+01	1.131391E+00
2.241003E+00	1.037013E+02	6.467399E+01	6.274608E-02	5.062035E+01	1.118337E+00
2.261947E+00	1.015981E+02	6.464372E+01	5.443120E-02	5.141022E+01	1.126886E+00
2.282891E+00	1.067044E+02	6.405373E+01	6.813952E-02	5.163590E+01	1.133936E+00
2.303835E+00	1.101856E+02	6.452267E+01	7.174332E-02	5.233057E+01	1.135265E+00
2.324779E+00	1.096444E+02	6.331863E+01	6.284438E-02	5.252842E+01	1.140269E+00
2.345723E+00	1.105252E+02	6.327939E+01	5.928939E-02	5.250847E+01	1.144868E+00
2.366666E+00	1.070598E+02	6.122268E+01	6.354641E-02	5.277092E+01	1.129178E+00
2.387610E+00	1.102704E+02	6.161781E+01	7.504137E-02	5.361993E+01	1.135063E+00
2.408554E+00	1.133956E+02	6.120052E+01	7.518521E-02	5.416196E+01	1.138496E+00
2.429498E+00	1.169137E+02	6.078674E+01	8.368112E-02	5.424294E+01	1.141980E+00
2.450442E+00	1.158085E+02	6.013886E+01	6.672742E-02	5.471163E+01	1.150117E+00
2.471386E+00	1.201264E+02	6.011891E+01	7.849756E-02	5.513626E+01	1.150213E+00
2.492330E+00	1.216851E+02	6.029693E+01	9.023237E-02	5.574758E+01	1.154586E+00
2.513274E+00	1.248203E+02	6.014720E+01	8.811796E-02	5.612817E+01	1.161673E+00
2.534218E+00	1.265110E+02	6.016949E+01	1.277575E-01	5.697821E+01	1.161841E+00
2.555162E+00	1.276831E+02	5.893978E+01	1.038957E-01	5.712561E+01	1.156670E+00
2.576106E+00	1.305422E+02	5.917804E+01	1.357165E-01	5.738339E+01	1.158033E+00
2.597050E+00	1.360338E+02	5.927368E+01	1.375502E-01	5.840873E+01	1.180085E+00
2.617994E+00	1.365272E+02	5.858605E+01	1.469557E-01	5.849159E+01	1.161732E+00
2.638938E+00	1.387890E+02	5.841436E+01	1.551768E-01	5.869309E+01	1.173088E+00
2.659882E+00	1.428223E+02	5.907008E+01	1.496047E-01	5.988277E+01	1.186237E+00
