4.188790E-02	4.635788E-01	4.741453E+00	4.580260E-32	5.411844E-01	9.182220E-01
6.283185E-02	-2.146759E+00	1.229237E+01	3.266255E-04	1.435854E+00	9.282142E-01
8.377580E-02	-5.033094E+00	2.555605E+01	5.069050E-03	2.484651E+00	1.136247E+00
1.047198E-01	1.502120E+00	2.560545E+01	2.295735E-02	2.937204E+00	9.492176E-01
1.256637E-01	5.986319E+00	3.088869E+01	4.347991E-02	3.858040E+00	9.601730E-01
1.466077E-01	8.412351E+00	3.483791E+01	2.560605E-02	4.539437E+00	9.665468E-01
1.675516E-01	5.712141E+00	3.920373E+01	4.664878E-02	5.147010E+00	1.066850E+00
1.884956E-01	1.650376E+00	4.028887E+01	1.853501E-02	5.630697E+00	9.694625E-01
2.094395E-01	-2.916918E+00	4.088160E+01	1.087536E-01	6.154393E+00	9.958717E-01
2.303835E-01	7.928219E+00	5.225941E+01	2.175849E-02	7.250613E+00	1.017483E+00
2.513274E-01	7.330496E+00	5.244232E+01	1.039598E-01	7.585139E+00	1.039572E+00
2.722714E-01	2.815829E+00	5.273500E+01	6.831026E-02	8.421269E+00	1.011304E+00
2.932153E-01	1.012587E+01	5.885553E+01	7.816990E-02	8.638762E+00	1.064478E+00
3.141593E-01	8.733634E+00	5.903813E+01	8.133740E-02	9.381306E+00	9.996154E-01
3.351032E-01	9.308763E+00	5.897980E+01	2.929815E-02	9.845917E+00	1.019793E+00
3.560472E-01	8.713431E+00	6.405773E+01	1.750509E-02	1.060581E+01	1.006916E+00
3.769911E-01	1.593791E+01	6.447539E+01	4.447430E-02	1.111678E+01	1.005108E+00
3.979351E-01	7.256261E+00	6.395549E+01	4.188714E-02	1.167711E+01	9.979934E-01
4.188790E-01	5.170965E+00	6.472651E+01	6.717693E-02	1.242434E+01	1.006439E+00
4.398230E-01	6.668683E+00	6.571270E+01	5.095470E-02	1.255662E+01	9.594510E-01
4.607669E-01	7.919268E+00	7.050323E+01	7.983865E-02	1.342003E+01	9.971905E-01
4.817109E-01	1.042600E+01	7.328081E+01	5.248446E-02	1.401809E+01	1.024064E+00
5.026548E-01	1.539417E+01	7.006398E+01	6.807174E-02	1.447337E+01	9.802586E-01
5.235988E-01	1.577822E+01	7.405026E+01	5.452044E-02	1.498576E+01	1.000611E+00
5.445427E-01	1.986438E+01	7.554476E+01	3.870884E-02	1.550480E+01	9.965592E-01
5.654867E-01	2.095131E+01	7.762328E+01	4.269051E-02	1.616709E+01	1.008033E+00
5.864306E-01	1.119712E+01	7.575604E+01	4.015717E-02	1.641001E+01	9.799594E-01
6.073746E-01	1.147331E+01	7.594001E+01	4.243919E-02	1.690877E+01	9.855319E-01
6.283185E-01	2.607113E+01	8.234212E+01	8.300645E-02	1.779378E+01	1.001549E+00
6.492625E-01	2.109317E+01	8.382237E+01	5.994210E-02	1.822834E+01	1.001225E+00
6.702064E-01	2.018375E+01	8.350830E+01	4.164985E-02	1.888555E+01	1.007798E+00
6.911504E-01	2.169768E+01	8.265179E+01	6.811387E-02	1.870537E+01	1.015143E+00
7.120943E-01	3.418077E+01	8.811580E+01	5.119905E-02	1.998526E+01	1.028229E+00
7.330383E-01	2.935888E+01	8.578210E+01	5.419576E-02	2.080370E+01	1.001084E+00
7.539822E-01	2.687665E+01	8.553556E+01	8.263685E-02	2.128567E+01	1.002113E+00
7.749262E-01	3.638550E+01	9.078707E+01	5.018373E-02	2.191153E+01	1.014251E+00
7.958701E-01	3.999850E+01	8.941988E+01	4.936446E-02	2.277409E+01	9.969076E-01
8.168141E-01	4.604313E+01	9.094509E+01	7.252380E-02	2.277263E+01	1.004511E+00
8.377580E-01	4.518036E+01	9.314538E+01	7.802298E-02	2.381150E+01	1.008390E+00
8.587020E-01	3.809691E+01	8.959885E+01	6.707052E-02	2.396251E+01	1.003188E+00
8.796459E-01	4.178674E+01	9.190142E+01	6.242987E-02	2.482939E+01	1.004290E+00
9.005899E-01	5.277229E+01	9.629158E+01	7.550988E-02	2.543813E+01	1.017400E+00
9.215338E-01	5.235094E+01	9.560302E+01	7.807290E-02	2.629453E+01	1.012772E+00
9.424778E-01	4.955539E+01	9.476458E+01	9.793562E-02	2.626984E+01	1.012289E+00
9.634217E-01	6.185525E+01	9.925028E+01	6.865871E-02	2.749183E+01	1.031674E+00
9.843657E-01	5.298690E+01	9.818582E+01	7.341110E-02	2.799500E+01	1.022951E+00
1.005310E+00	5.943047E+01	1.009845E+02	7.586582E-02	2.880975E+01	1.025659E+00
1.026254E+00	6.540648E+01	9.929135E+01	8.779394E-02	2.899597E+01	1.012645E+00
1.047198E+00	5.772902E+01	9.903251E+01	6.756928E-02	2.987089E+01	1.020777E+00
1.068142E+00	6.143808E+01	1.005786E+02	8.744953E-02	3.044427E+01	1.031863E+00
1.089085E+00	6.607261E+01	9.878584E+01	8.668770E-02	3.092066E+01	1.021708E+00
1.110029E+00	7.530769E+01	9.940990E+01	1.037493E-01	3.147598E+01	1.028119E+00
1.130973E+00	7.265737E+01	1.014057E+02	9.557135E-02	3.196328E+01	1.040571E+00
1.151917E+00	7.422463E+01	1.002669E+02	1.227611E-01	3.262787E+01	1.035008E+00
1.172861E+00	7.358291E+01	1.011989E+02	9.989284E-02	3.323048E+01	1.040315E+00
1.193805E+00	8.115269E+01	9.932357E+01	9.054973E-02	3.351217E+01	1.036071E+00
1.214749E+00	8.183905E+01	1.001700E+02	1.042370E-01	3.404902E+01	1.036834E+00
1.235693E+00	7.110887E+01	9.874254E+01	1.065940E-01	3.462527E+01	1.031009E+00
1.256637E+00	8.289476E+01	9.966508E+01	9.485919E-02	3.544100E+01	1.043346E+00
1.277581E+00	8.843043E+01	9.927388E+01	1.062485E-01	3.538388E+01	1.046857E+00
1.298525E+00	8.748048E+01	1.007555E+02	1.124214E-01	3.633702E+01	1.061095E+00
1.319469E+00	8.889067E+01	9.666126E+01	1.237306E-01	3.646485E+01	1.041020E+00
1.340413E+00	8.735066E+01	9.824933E+01	1.147610E-01	3.701974E+01	1.051740E+00
1.361357E+00	9.133126E+01	9.857207E+01	1.306961E-01	3.795792E+01	1.058526E+00
1.382301E+00	8.889861E+01	9.800927E+01	1.081141E-01	3.824100E+01	1.061873E+00
1.403245E+00	8.766834E+01	9.647023E+01	1.009755E-01	3.829714E+01	1.057339E+00
1.424189E+00	8.969900E+01	9.590436E+01	1.086673E-01	3.873576E+01	1.057398E+00
1.445133E+00	8.800840E+01	9.547463E+01	9.813083E-02	3.919785E+01	1.060477E+00
1.466077E+00	9.171177E+01	9.453267E+01	9.465960E-02	3.951314E+01	1.058295E+00
1.487021E+00	9.040021E+01	9.372701E+01	1.193292E-01	3.988771E+01	1.076269E+00
1.507964E+00	9.837107E+01	9.308021E+01	1.026222E-01	4.052579E+01	1.062874E+00
1.528908E+00	9.994876E+01	9.079125E+01	9.694467E-02	4.048742E+01	1.069760E+00
1.549852E+00	9.762554E+01	9.247678E+01	1.125033E-01	4.142826E+01	1.066975E+00
1.570796E+00	1.006773E+02	9.152141E+01	1.197136E-01	4.134866E+01	1.076810E+00
1.591740E+00	9.564817E+01	8.930389E+01	1.031943E-01	4.140249E+01	1.068262E+00
1.612684E+00	9.325724E+01	8.776067E+01	9.156858E-02	4.162706E+01	1.067928E+00
1.633628E+00	1.022227E+02	8.837650E+01	1.089064E-01	4.255000E+01	1.074051E+00
1.654572E+00	9.427908E+01	8.662248E+01	8.588664E-02	4.212545E+01	1.085224E+00
1.675516E+00	9.435220E+01	8.667087E+01	7.682194E-02	4.297574E+01	1.082485E+00
1.696460E+00	9.309796E+01	8.526685E+01	8.070424E-02	4.317011E+01	1.084355E+00
1.717404E+00	9.713044E+01	8.613082E+01	8.307816E-02	4.404354E+01	1.083119E+00
1.738348E+00	1.003247E+02	8.311248E+01	1.011103E-01	4.373437E+01	1.079017E+00
1.759292E+00	9.941035E+01	8.447958E+01	7.370511E-02	4.413717E+01	1.100161E+00
1.780236E+00	1.006988E+02	8.276942E+01	8.695901E-02	4.475290E+01	1.097116E+00
1.801180E+00	9.666292E+01	8.136896E+01	9.091403E-02	4.468735E+01	1.094657E+00
1.822124E+00	9.697221E+01	8.087176E+01	6.923825E-02	4.511982E+01	1.095128E+00
1.843068E+00	9.845770E+01	8.004575E+01	9.817011E-02	4.518971E+01	1.093446E+00
1.864012E+00	1.012868E+02	7.956363E+01	8.095711E-02	4.589167E+01	1.103952E+00
1.884956E+00	9.938847E+01	7.844854E+01	7.679497E-02	4.578362E+01	1.098461E+00
1.905900E+00	9.961537E+01	7.730304E+01	8.978710E-02	4.598827E+01	1.112517E+00
1.926843E+00	1.003056E+02	7.670712E+01	7.458333E-02	4.644752E+01	1.101934E+00
1.947787E+00	9.692780E+01	7.461172E+01	7.580629E-02	4.643977E+01	1.103559E+00
1.968731E+00	9.742621E+01	7.432996E+01	7.264091E-02	4.667840E+01	1.097226E+00
1.989675E+00	1.006881E+02	7.441371E+01	7.016194E-02	4.780171E+01	1.099516E+00
2.010619E+00	9.658557E+01	7.274252E+01	5.585938E-02	4.743892E+01	1.101204E+00
2.031563E+00	1.009211E+02	7.202675E+01	7.091019E-02	4.767127E+01	1.111416E+00
2.052507E+00	9.826522E+01	7.168000E+01	5.387188E-02	4.799922E+01	1.104326E+00
2.073451E+00	9.581356E+01	7.031091E+01	7.373165E-02	4.825073E+01	1.101260E+00
2.094395E+00	1.023002E+02	7.056736E+01	6.146165E-02	4.895129E+01	1.109332E+00
2.115339E+00	9.954088E+01	6.923847E+01	5.431946E-02	4.917748E+01	1.106596E+00
2.136283E+00	1.007957E+02	6.964903E+01	7.042425E-02	4.926082E+01	1.117043E+00
2.157227E+00	1.033649E+02	6.806786E+01	6.032919E-02	4.976608E+01	1.116127E+00
2.178171E+00	9.966598E+01	6.738388E+01	6.080100E-02	4.994826E+01	1.107631E+00
2.199115E+00	1.022467E+02	6.708582E+01	5.532184E-02	5.041601E+01	1.116681E+00
2.220059E+00	1.045180E+02	6.741066E+01	5.689058E-02	5.089615E+01	1.130648E+00
2.241003E+00	1.030237E+02	6.553011E+01	6.969118E-02	5.101115E+01	1.112999E+00
2.261947E+00	1.034324E+02	6.557938E+01	6.182308E-02	5.118551E+01	1.125073E+00
2.282891E+00	1.067723E+02	6.499879E+01	6.056862E-02	5.206438E+01	1.121010E+00
2.303835E+00	1.124668E+02	6.535891E+01	5.498401E-02	5.241803E+01	1.134920E+00
2.324779E+00	1.069675E+02	6.330905E+01	5.916533E-02	5.241662E+01	1.125904E+00
2.345723E+00	1.096254E+02	6.306646E+01	6.793150E-02	5.270672E+01	1.129881E+00
2.366666E+00	1.076521E+02	6.179614E+01	5.736319E-02	5.284077E+01	1.123217E+00
2.387610E+00	1.119517E+02	6.273431E+01	8.243224E-02	5.391118E+01	1.128332E+00
2.408554E+00	1.117518E+02	6.144303E+01	6.001976E-02	5.404470E+01	1.126603E+00
2.429498E+00	1.187211E+02	6.192055E+01	8.644478E-02	5.458565E+01	1.140776E+00
2.450442E+00	1.157280E+02	6.095066E+01	6.535059E-02	5.511310E+01	1.140109E+00
2.471386E+00	1.180540E+02	6.119577E+01	6.630804E-02	5.543591E+01	1.143342E+00
2.492330E+00	1.204322E+02	6.083068E+01	8.677647E-02	5.604147E+01	1.139666E+00
2.513274E+00	1.213597E+02	6.030791E+01	6.922402E-02	5.625197E+01	1.141366E+00
2.534218E+00	1.249985E+02	6.034589E+01	9.795871E-02	5.683758E+01	1.147936E+00
2.555162E+00	1.270055E+02	6.024652E+01	8.545543E-02	5.763466E+01	1.151274E+00
2.576106E+00	1.287013E+02	6.022944E+01	1.292446E-01	5.787656E+01	1.157039E+00
2.597050E+00	1.346343E+02	5.985249E+01	1.174494E-01	5.843219E+01	1.161165E+00
2.617994E+00	1.338110E+02	5.973527E+01	1.349426E-01	5.900660E+01	1.160111E+00
2.638938E+00	1.379264E+02	5.989472E+01	1.767728E-01	5.971175E+01	1.173872E+00
2.659882E+00	1.393572E+02	5.972756E+01	1.270620E-01	6.025788E+01	1.167473E+00
