4.188790E-02	3.236276E-01	3.267215E+00	2.875163E-31	3.718380E-01	9.237735E-01
6.283185E-02	-1.580826E+00	8.540037E+00	3.488862E-04	9.914433E-01	9.375680E-01
8.377580E-02	-3.236217E+00	1.752629E+01	4.847747E-03	1.717159E+00	1.123411E+00
1.047198E-01	1.288189E+00	1.759191E+01	2.324418E-02	1.999733E+00	9.580051E-01
1.256637E-01	3.968094E+00	2.109166E+01	3.800337E-02	2.648245E+00	9.508901E-01
1.466077E-01	6.700392E+00	2.475250E+01	2.103764E-02	3.224722E+00	9.651859E-01
1.675516E-01	4.804018E+00	2.803334E+01	5.266099E-02	3.656548E+00	1.070798E+00
1.884956E-01	7.952245E-01	2.920102E+01	1.881918E-02	4.030481E+00	9.920632E-01
2.094395E-01	-1.415976E+00	2.991047E+01	9.488565E-02	4.328913E+00	1.012163E+00
2.303835E-01	5.894073E+00	3.662492E+01	1.710771E-02	5.165423E+00	9.890587E-01
2.513274E-01	4.942984E+00	3.884178E+01	7.546708E-02	5.606353E+00	1.036531E+00
2.722714E-01	4.568750E+00	3.718355E+01	6.905864E-02	6.209474E+00	9.966494E-01
2.932153E-01	1.232305E+01	4.441560E+01	1.039181E-01	6.463199E+00	1.049243E+00
3.141593E-01	1.374971E+01	4.576224E+01	8.306186E-02	7.354512E+00	9.924831E-01
3.351032E-01	1.501885E+01	4.657769E+01	2.589849E-02	7.731174E+00	1.000589E+00
3.560472E-01	1.125713E+01	4.905760E+01	4.003303E-02	8.272538E+00	1.008605E+00
3.769911E-01	1.713276E+01	5.432229E+01	5.365251E-02	8.852532E+00	1.042852E+00
3.979351E-01	1.779294E+01	5.235276E+01	3.213818E-02	9.579522E+00	9.946917E-01
4.188790E-01	1.268628E+01	5.462064E+01	4.001500E-02	1.016980E+01	1.016035E+00
4.398230E-01	1.909618E+01	5.768643E+01	6.366174E-02	1.050489E+01	9.899262E-01
4.607669E-01	2.309961E+01	6.281183E+01	7.452003E-02	1.168912E+01	9.990049E-01
4.817109E-01	1.756374E+01	6.357626E+01	6.030049E-02	1.205433E+01	1.013677E+00
5.026548E-01	3.901424E+01	6.505185E+01	8.276738E-02	1.304635E+01	9.720753E-01
5.235988E-01	3.478946E+01	6.851541E+01	6.997556E-02	1.340602E+01	1.014119E+00
5.445427E-01	3.664117E+01	7.047723E+01	6.676184E-02	1.394937E+01	1.020543E+00
5.654867E-01	4.242545E+01	7.647130E+01	6.236955E-02	1.522107E+01	1.008980E+00
5.864306E-01	3.750918E+01	7.555703E+01	8.202806E-02	1.508269E+01	1.018138E+00
6.073746E-01	4.302577E+01	7.621044E+01	6.420082E-02	1.588893E+01	1.017315E+00
6.283185E-01	4.988488E+01	7.999810E+01	1.015456E-01	1.664241E+01	1.026925E+00
6.492625E-01	5.142006E+01	8.164474E+01	1.028198E-01	1.743313E+01	1.027524E+00
6.702064E-01	5.678337E+01	8.640580E+01	1.059717E-01	1.819915E+01	1.044230E+00
6.911504E-01	6.193669E+01	8.272831E+01	1.287890E-01	1.850107E+01	1.015916E+00
7.120943E-01	6.980169E+01	8.920356E+01	9.635489E-02	1.970476E+01	1.028974E+00
7.330383E-01	6.637105E+01	9.040763E+01	9.151639E-02	2.048562E+01	1.030598E+00
7.539822E-01	6.315263E+01	8.770767E+01	1.098801E-01	2.065707E+01	1.020390E+00
7.749262E-01	6.627531E+01	9.068314E+01	1.097207E-01	2.130011E+01	1.038694E+00
7.958701E-01	6.902920E+01	9.129712E+01	1.146683E-01	2.182890E+01	1.040436E+00
8.168141E-01	7.930226E+01	9.218506E+01	1.180058E-01	2.263723E+01	1.040869E+00
8.377580E-01	7.807342E+01	9.305643E+01	1.307490E-01	2.325036E+01	1.031368E+00
8.587020E-01	7.178826E+01	9.364518E+01	1.386460E-01	2.378613E+01	1.041561E+00
8.796459E-01	8.758780E+01	9.745379E+01	1.214280E-01	2.449155E+01	1.065840E+00
9.005899E-01	8.321306E+01	9.425491E+01	1.312968E-01	2.458812E+01	1.036329E+00
9.215338E-01	8.749998E+01	9.812363E+01	1.674945E-01	2.570747E+01	1.050804E+00
9.424778E-01	9.237159E+01	9.687412E+01	1.428752E-01	2.604158E+01	1.046032E+00
9.634217E-01	9.141564E+01	9.684119E+01	1.461284E-01	2.655384E+01	1.054170E+00
9.843657E-01	9.133534E+01	9.628075E+01	1.714084E-01	2.711478E+01	1.038940E+00
1.005310E+00	9.222278E+01	9.667282E+01	1.535850E-01	2.742074E+01	1.056972E+00
1.026254E+00	9.910486E+01	9.897896E+01	1.322224E-01	2.853576E+01	1.048726E+00
1.047198E+00	8.840872E+01	9.691767E+01	1.093688E-01	2.880705E+01	1.041521E+00
1.068142E+00	9.418133E+01	1.007830E+02	1.418055E-01	2.977719E+01	1.055846E+00
1.089085E+00	9.558577E+01	9.765681E+01	1.554896E-01	2.977358E+01	1.055959E+00
1.110029E+00	1.074211E+02	1.000327E+02	1.625241E-01	3.084699E+01	1.064200E+00
1.130973E+00	1.027259E+02	1.020650E+02	1.450948E-01	3.131856E+01	1.077097E+00
1.151917E+00	1.068599E+02	9.766963E+01	1.626859E-01	3.111313E+01	1.061099E+00
1.172861E+00	1.027141E+02	9.723428E+01	1.533485E-01	3.155974E+01	1.057886E+00
1.193805E+00	1.057736E+02	9.952873E+01	1.317659E-01	3.210326E+01	1.082892E+00
1.214749E+00	1.088762E+02	9.785434E+01	1.772166E-01	3.275887E+01	1.071524E+00
1.235693E+00	1.036049E+02	9.838349E+01	1.508724E-01	3.316571E+01	1.068878E+00
1.256637E+00	1.007219E+02	9.679381E+01	1.728736E-01	3.328331E+01	1.060539E+00
1.277581E+00	1.032382E+02	9.692783E+01	1.260897E-01	3.402555E+01	1.070935E+00
1.298525E+00	1.026644E+02	9.741944E+01	1.384575E-01	3.462972E+01	1.069521E+00
1.319469E+00	1.076635E+02	9.744677E+01	1.460419E-01	3.483008E+01	1.070212E+00
1.340413E+00	1.069938E+02	9.570845E+01	1.756878E-01	3.496757E+01	1.073561E+00
1.361357E+00	1.080075E+02	9.604552E+01	1.558075E-01	3.581501E+01	1.067050E+00
1.382301E+00	1.070287E+02	9.561182E+01	1.387541E-01	3.608312E+01	1.084450E+00
1.403245E+00	1.147761E+02	9.522382E+01	1.480070E-01	3.662528E+01	1.076399E+00
1.424189E+00	1.130227E+02	9.646809E+01	1.388724E-01	3.746633E+01	1.077966E+00
1.445133E+00	1.141648E+02	9.455864E+01	1.412885E-01	3.735290E+01	1.077456E+00
1.466077E+00	1.069683E+02	9.422142E+01	1.475657E-01	3.783853E+01	1.086815E+00
1.487021E+00	9.628342E+01	9.171334E+01	1.131334E-01	3.790029E+01	1.067487E+00
1.507964E+00	1.011025E+02	9.180385E+01	1.668161E-01	3.868939E+01	1.070038E+00
1.528908E+00	1.008523E+02	9.097783E+01	1.248489E-01	3.881982E+01	1.064616E+00
1.549852E+00	1.028395E+02	9.021381E+01	1.235746E-01	3.909564E+01	1.079819E+00
1.570796E+00	1.022882E+02	8.889190E+01	1.206874E-01	3.958586E+01	1.068435E+00
1.591740E+00	1.115620E+02	8.971504E+01	1.489324E-01	4.006640E+01	1.085005E+00
1.612684E+00	9.962073E+01	8.984025E+01	1.203756E-01	4.017558E+01	1.082978E+00
1.633628E+00	1.052682E+02	8.793334E+01	1.253012E-01	4.086104E+01	1.072598E+00
1.654572E+00	1.007488E+02	8.773780E+01	1.350612E-01	4.108891E+01	1.079572E+00
1.675516E+00	1.075566E+02	8.801468E+01	1.078197E-01	4.182351E+01	1.086292E+00
1.696460E+00	1.070439E+02	8.707111E+01	1.357482E-01	4.207952E+01	1.083943E+00
1.717404E+00	1.049887E+02	8.605583E+01	1.479364E-01	4.237484E+01	1.090379E+00
1.738348E+00	1.012662E+02	8.400814E+01	1.268869E-01	4.233232E+01	1.084993E+00
1.759292E+00	9.880453E+01	8.393977E+01	1.117786E-01	4.294323E+01	1.078872E+00
1.780236E+00	1.022220E+02	8.318139E+01	1.156531E-01	4.339118E+01	1.080081E+00
1.801180E+00	9.988321E+01	8.354929E+01	1.014808E-01	4.404004E+01	1.081708E+00
1.822124E+00	1.004419E+02	8.173070E+01	9.865634E-02	4.418198E+01	1.083420E+00
1.843068E+00	9.654057E+01	8.151785E+01	9.139636E-02	4.434390E+01	1.090419E+00
1.864012E+00	9.348515E+01	8.103157E+01	1.038638E-01	4.493127E+01	1.083630E+00
1.884956E+00	9.948022E+01	7.987662E+01	1.003626E-01	4.527929E+01	1.083052E+00
1.905900E+00	9.885879E+01	7.974652E+01	1.115230E-01	4.539781E+01	1.097488E+00
1.926843E+00	9.675636E+01	7.798586E+01	8.292284E-02	4.619385E+01	1.080004E+00
1.947787E+00	9.928019E+01	7.832130E+01	9.177001E-02	4.643376E+01	1.088706E+00
1.968731E+00	9.896162E+01	7.763426E+01	1.227508E-01	4.665361E+01	1.083053E+00
1.989675E+00	9.806754E+01	7.670492E+01	1.053653E-01	4.747897E+01	1.082602E+00
2.010619E+00	9.360045E+01	7.569668E+01	8.673388E-02	4.747284E+01	1.087222E+00
2.031563E+00	9.797890E+01	7.640882E+01	1.142057E-01	4.799365E+01	1.095090E+00
2.052507E+00	9.677451E+01	7.462294E+01	7.962701E-02	4.811620E+01	1.083696E+00
2.073451E+00	9.711123E+01	7.475376E+01	1.006808E-01	4.881947E+01	1.093339E+00
2.094395E+00	9.090268E+01	7.440943E+01	9.825030E-02	4.931185E+01	1.087840E+00
2.115339E+00	9.402261E+01	7.305513E+01	1.009033E-01	4.944934E+01	1.089945E+00
2.136283E+00	9.720002E+01	7.256632E+01	7.652490E-02	4.996902E+01	1.086439E+00
2.157227E+00	9.459056E+01	7.168246E+01	9.210075E-02	5.001709E+01	1.099459E+00
2.178171E+00	9.237418E+01	7.221290E+01	1.034852E-01	5.105584E+01	1.089976E+00
2.199115E+00	9.475363E+01	7.133198E+01	8.937760E-02	5.110282E+01	1.096871E+00
2.220059E+00	9.566372E+01	7.136690E+01	8.413686E-02	5.177005E+01	1.098881E+00
2.241003E+00	9.430763E+01	7.068335E+01	8.827739E-02	5.248218E+01	1.092872E+00
2.261947E+00	9.561678E+01	6.928973E+01	7.963860E-02	5.223166E+01	1.092732E+00
2.282891E+00	9.610960E+01	6.889110E+01	7.394428E-02	5.322763E+01	1.083952E+00
2.303835E+00	9.898857E+01	6.856889E+01	7.745623E-02	5.356329E+01	1.095968E+00
2.324779E+00	1.002504E+02	6.891484E+01	8.313629E-02	5.476411E+01	1.090663E+00
2.345723E+00	9.698585E+01	6.776071E+01	6.713262E-02	5.482065E+01	1.088334E+00
2.366666E+00	9.968924E+01	6.904366E+01	9.979045E-02	5.544201E+01	1.103455E+00
2.387610E+00	1.022649E+02	6.756576E+01	6.732930E-02	5.548862E+01	1.104145E+00
2.408554E+00	1.001436E+02	6.723831E+01	7.155692E-02	5.596391E+01	1.098926E+00
2.429498E+00	1.040546E+02	6.772279E+01	8.813576E-02	5.704393E+01	1.102177E+00
2.450442E+00	1.011825E+02	6.653415E+01	8.859737E-02	5.741068E+01	1.101820E+00
2.471386E+00	1.031122E+02	6.687889E+01	8.561068E-02	5.808308E+01	1.100951E+00
2.492330E+00	1.055416E+02	6.741397E+01	6.917077E-02	5.872330E+01	1.111653E+00
2.513274E+00	1.081652E+02	6.617818E+01	7.463996E-02	5.919105E+01	1.102856E+00
2.534218E+00	1.121808E+02	6.627727E+01	9.656324E-02	5.978749E+01	1.110838E+00
2.555162E+00	1.113680E+02	6.647615E+01	8.853841E-02	6.060909E+01	1.108139E+00
2.576106E+00	1.160775E+02	6.606061E+01	1.100349E-01	6.108634E+01	1.113633E+00
2.597050E+00	1.187037E+02	6.644243E+01	1.205680E-01	6.214723E+01	1.110281E+00
2.617994E+00	1.181169E+02	6.581518E+01	1.011012E-01	6.225727E+01	1.116889E+00
2.638938E+00	1.221888E+02	6.626758E+01	1.068084E-01	6.349231E+01	1.122082E+00
2.659882E+00	1.214766E+02	6.662930E+01	9.669550E-02	6.416204E+01	1.120279E+00
