4.188790E-02	2.952808E-01	2.555438E+01	9.154530E-31	8.331495E-02	9.151170E-01
6.283185E-02	-1.143240E+01	3.802636E+01	1.083156E-02	2.224873E-01	9.279706E-01
8.377580E-02	-7.277757E+00	7.262216E+01	4.959636E-03	3.806589E-01	1.141494E+00
1.047198E-01	8.620270E+00	7.033858E+01	3.486193E-02	4.516617E-01	9.473511E-01
1.256637E-01	1.006438E+00	8.089702E+01	3.503345E-02	5.976310E-01	9.523126E-01
1.466077E-01	5.861684E+00	6.706981E+01	3.156764E-02	7.028012E-01	9.721081E-01
1.675516E-01	5.490666E+00	6.666070E+01	4.078566E-02	7.976839E-01	1.076127E+00
1.884956E-01	2.354568E+00	5.984228E+01	3.795604E-02	8.644988E-01	9.670219E-01
2.094395E-01	-2.097269E+00	5.130333E+01	6.866547E-02	9.430700E-01	9.929433E-01
2.303835E-01	5.399482E-02	5.062563E+01	3.217464E-02	1.111996E+00	1.027590E+00
2.513274E-01	6.274064E+00	4.985251E+01	4.942798E-02	1.155280E+00	1.029428E+00
2.722714E-01	4.416553E+00	4.537321E+01	5.636274E-02	1.290077E+00	1.013357E+00
2.932153E-01	-1.268135E+00	4.456600E+01	3.954418E-02	1.326421E+00	1.084937E+00
3.141593E-01	3.277736E+00	4.428088E+01	2.452692E-02	1.439004E+00	1.015363E+00
3.351032E-01	3.221287E+00	3.907019E+01	1.346109E-02	1.497641E+00	9.898640E-01
3.560472E-01	4.222154E+00	4.093735E+01	5.416063E-02	1.620364E+00	1.042000E+00
3.769911E-01	6.998629E+00	3.794101E+01	5.089668E-02	1.693436E+00	1.001017E+00
3.979351E-01	-1.161347E+00	3.578070E+01	2.772605E-02	1.746118E+00	1.002974E+00
4.188790E-01	1.905711E+00	3.532036E+01	9.442121E-02	1.879442E+00	1.005358E+00
4.398230E-01	-8.971839E-01	3.611656E+01	5.050550E-02	1.838590E+00	9.731898E-01
4.607669E-01	1.446855E+00	3.111699E+01	4.094392E-02	1.993542E+00	9.962000E-01
4.817109E-01	7.968438E+00	3.230996E+01	4.312813E-02	2.049773E+00	1.030996E+00
5.026548E-01	3.385810E+00	3.052494E+01	7.679661E-02	2.074172E+00	9.852681E-01
5.235988E-01	2.611024E+00	3.066862E+01	5.860007E-02	2.149049E+00	9.782284E-01
5.445427E-01	5.335815E+00	2.964548E+01	4.302219E-02	2.178269E+00	1.006581E+00
5.654867E-01	5.276826E+00	2.836839E+01	5.611094E-02	2.252877E+00	1.006998E+00
5.864306E-01	4.706215E+00	2.858682E+01	4.380515E-02	2.289167E+00	9.924919E-01
6.073746E-01	2.459585E+00	2.795804E+01	5.807153E-02	2.268953E+00	1.002688E+00
6.283185E-01	2.648737E+00	2.722782E+01	2.659443E-02	2.404552E+00	9.986685E-01
6.492625E-01	1.936345E+00	2.574231E+01	5.580260E-02	2.387712E+00	1.009722E+00
6.702064E-01	2.026481E+00	2.700756E+01	3.547896E-02	2.467077E+00	1.021483E+00
6.911504E-01	4.953966E+00	2.650927E+01	9.119950E-02	2.465853E+00	9.989895E-01
7.120943E-01	2.566817E+00	2.514617E+01	6.525834E-02	2.571519E+00	1.015804E+00
7.330383E-01	4.461207E+00	2.403191E+01	7.980494E-02	2.632981E+00	1.000480E+00
7.539822E-01	1.151704E+00	2.444618E+01	4.137975E-02	2.579744E+00	9.813256E-01
7.749262E-01	5.829525E+00	2.409218E+01	5.423616E-02	2.650580E+00	9.943508E-01
7.958701E-01	5.770805E+00	2.330234E+01	6.149752E-02	2.692039E+00	1.000721E+00
8.168141E-01	1.694460E+00	2.292977E+01	4.307887E-02	2.679196E+00	9.954591E-01
8.377580E-01	3.668729E+00	2.312279E+01	5.734279E-02	2.760793E+00	1.001535E+00
8.587020E-01	3.863602E+00	2.220169E+01	7.310352E-02	2.724814E+00	1.003739E+00
8.796459E-01	3.796952E+00	2.190719E+01	7.008218E-02	2.788239E+00	1.013904E+00
9.005899E-01	3.847701E+00	2.161706E+01	5.030095E-02	2.807077E+00	9.917826E-01
9.215338E-01	4.586299E+00	2.177696E+01	6.703058E-02	2.841584E+00	9.929916E-01
9.424778E-01	5.262115E+00	2.143540E+01	5.177707E-02	2.864664E+00	9.993465E-01
9.634217E-01	4.689398E+00	2.101723E+01	5.949071E-02	2.860214E+00	1.006421E+00
9.843657E-01	3.816245E+00	2.086948E+01	4.636808E-02	2.882953E+00	9.887245E-01
1.005310E+00	5.733044E+00	2.077932E+01	4.524801E-02	2.944937E+00	9.991376E-01
1.026254E+00	6.825198E+00	2.075257E+01	6.198019E-02	2.908053E+00	1.002455E+00
1.047198E+00	5.206093E+00	1.983226E+01	4.397966E-02	2.909526E+00	1.002788E+00
1.068142E+00	5.906298E+00	1.972631E+01	4.864435E-02	2.942225E+00	1.010094E+00
1.089085E+00	4.233083E+00	1.928918E+01	5.256609E-02	2.926739E+00	1.004480E+00
1.110029E+00	5.623314E+00	1.942794E+01	7.063936E-02	2.942910E+00	9.983697E-01
1.130973E+00	5.099606E+00	1.898295E+01	5.542069E-02	3.012704E+00	1.009575E+00
1.151917E+00	5.535485E+00	1.891609E+01	6.159721E-02	2.972653E+00	9.919294E-01
1.172861E+00	4.490911E+00	1.850898E+01	5.082718E-02	3.012470E+00	1.012077E+00
1.193805E+00	5.479790E+00	1.847768E+01	4.761072E-02	2.997632E+00	9.977968E-01
1.214749E+00	4.737126E+00	1.813968E+01	8.199740E-02	3.030219E+00	1.002650E+00
1.235693E+00	6.270383E+00	1.778501E+01	4.329605E-02	3.051319E+00	1.009459E+00
1.256637E+00	5.785762E+00	1.763508E+01	4.670958E-02	3.035372E+00	1.007152E+00
1.277581E+00	4.296987E+00	1.712909E+01	3.516995E-02	2.985246E+00	1.010523E+00
1.298525E+00	4.752572E+00	1.702770E+01	6.037451E-02	3.025142E+00	1.007456E+00
1.319469E+00	4.635475E+00	1.695599E+01	3.937934E-02	3.015417E+00	1.010401E+00
1.340413E+00	6.136457E+00	1.698826E+01	4.661890E-02	3.017711E+00	1.014555E+00
1.361357E+00	6.529389E+00	1.682832E+01	7.421642E-02	3.051160E+00	9.939646E-01
1.382301E+00	5.458677E+00	1.640043E+01	4.584358E-02	3.021313E+00	1.010889E+00
1.403245E+00	5.415330E+00	1.613169E+01	5.883855E-02	3.029082E+00	9.990676E-01
1.424189E+00	6.306752E+00	1.605415E+01	4.940775E-02	3.031663E+00	1.005385E+00
1.445133E+00	6.080219E+00	1.589301E+01	4.786663E-02	3.011572E+00	9.943805E-01
1.466077E+00	5.793064E+00	1.557217E+01	5.842197E-02	3.019339E+00	9.941986E-01
1.487021E+00	6.576424E+00	1.555065E+01	6.041910E-02	3.034744E+00	1.009497E+00
1.507964E+00	6.483689E+00	1.531775E+01	5.833048E-02	3.057757E+00	1.012891E+00
1.528908E+00	7.221174E+00	1.509798E+01	4.347441E-02	3.029333E+00	1.011171E+00
1.549852E+00	7.217734E+00	1.525137E+01	3.843951E-02	3.031732E+00	1.003482E+00
1.570796E+00	5.917594E+00	1.465329E+01	6.596945E-02	3.006525E+00	1.003160E+00
1.591740E+00	6.791309E+00	1.466779E+01	7.010000E-02	3.031618E+00	1.011204E+00
1.612684E+00	7.520697E+00	1.441306E+01	5.000194E-02	3.004349E+00	1.015402E+00
1.633628E+00	7.243991E+00	1.433030E+01	6.308118E-02	3.031815E+00	1.006999E+00
1.654572E+00	7.790122E+00	1.430082E+01	4.794347E-02	3.028162E+00	1.017265E+00
1.675516E+00	7.110641E+00	1.417820E+01	5.795178E-02	3.029831E+00	1.012580E+00
1.696460E+00	7.490689E+00	1.421842E+01	5.675413E-02	3.015396E+00	1.021667E+00
1.717404E+00	7.630328E+00	1.390077E+01	5.771086E-02	3.019160E+00	1.011451E+00
1.738348E+00	8.614974E+00	1.388530E+01	4.778537E-02	3.039946E+00	1.015378E+00
1.759292E+00	7.867050E+00	1.368687E+01	6.136242E-02	3.005267E+00	1.018170E+00
1.780236E+00	8.256234E+00	1.356928E+01	5.170476E-02	3.034532E+00	1.023060E+00
1.801180E+00	8.739617E+00	1.334716E+01	5.988817E-02	3.008797E+00	1.020592E+00
1.822124E+00	8.572100E+00	1.333163E+01	4.074169E-02	3.016115E+00	1.017229E+00
1.843068E+00	8.505537E+00	1.313920E+01	5.435952E-02	3.042731E+00	1.017880E+00
1.864012E+00	8.956644E+00	1.317993E+01	5.804273E-02	3.029580E+00	1.021239E+00
1.884956E+00	1.010666E+01	1.320750E+01	5.672793E-02	3.022319E+00	1.017378E+00
1.905900E+00	9.550678E+00	1.303830E+01	6.649764E-02	3.002204E+00	1.019443E+00
1.926843E+00	1.078750E+01	1.293329E+01	5.683799E-02	3.029161E+00	1.024346E+00
1.947787E+00	1.054976E+01	1.281382E+01	8.324475E-02	3.049792E+00	1.026028E+00
1.968731E+00	1.100597E+01	1.287861E+01	4.896711E-02	3.037013E+00	1.023325E+00
1.989675E+00	1.112336E+01	1.274171E+01	5.605330E-02	3.011978E+00	1.030871E+00
2.010619E+00	1.149803E+01	1.279102E+01	5.665044E-02	3.038376E+00	1.031490E+00
2.031563E+00	1.228673E+01	1.281664E+01	7.680553E-02	3.028624E+00	1.032610E+00
2.052507E+00	1.273934E+01	1.280748E+01	7.226821E-02	3.057050E+00	1.030202E+00
2.073451E+00	1.275814E+01	1.274527E+01	6.918851E-02	3.047180E+00	1.035746E+00
2.094395E+00	1.369501E+01	1.277162E+01	6.759429E-02	3.068738E+00	1.025185E+00
2.115339E+00	1.441216E+01	1.286812E+01	6.383097E-02	3.052482E+00	1.040759E+00
2.136283E+00	1.473745E+01	1.281165E+01	6.516378E-02	3.074298E+00	1.047405E+00
2.157227E+00	1.515883E+01	1.285135E+01	6.806689E-02	3.091905E+00	1.042368E+00
2.178171E+00	1.563235E+01	1.294927E+01	8.674631E-02	3.104475E+00	1.050219E+00
2.199115E+00	1.653509E+01	1.290857E+01	5.661089E-02	3.101138E+00	1.052454E+00
2.220059E+00	1.761421E+01	1.319445E+01	9.468944E-02	3.108699E+00	1.045707E+00
2.241003E+00	1.745605E+01	1.319079E+01	7.266804E-02	3.120957E+00	1.052628E+00
2.261947E+00	1.824099E+01	1.344774E+01	7.207096E-02	3.120279E+00	1.055964E+00
2.282891E+00	1.909953E+01	1.350568E+01	9.975556E-02	3.158120E+00	1.056264E+00
2.303835E+00	1.948300E+01	1.368968E+01	6.755698E-02	3.147261E+00	1.054812E+00
2.324779E+00	2.090690E+01	1.384578E+01	9.455311E-02	3.179384E+00	1.060238E+00
2.345723E+00	2.110189E+01	1.397473E+01	8.403053E-02	3.161670E+00	1.056096E+00
2.366666E+00	2.195789E+01	1.420038E+01	8.659431E-02	3.168903E+00	1.058705E+00
2.387610E+00	2.316739E+01	1.443558E+01	1.080735E-01	3.226217E+00	1.066936E+00
2.408554E+00	2.498160E+01	1.480570E+01	8.395905E-02	3.235522E+00	1.071404E+00
2.429498E+00	3.203708E+01	1.570124E+01	2.312249E-01	3.253168E+00	1.074400E+00
2.450442E+00	3.252829E+01	1.584758E+01	2.013421E-01	3.273311E+00	1.079029E+00
2.471386E+00	3.370234E+01	1.589289E+01	2.398000E-01	3.272734E+00	1.082702E+00
2.492330E+00	3.478437E+01	1.609512E+01	2.606943E-01	3.303388E+00	1.079167E+00
2.513274E+00	3.564669E+01	1.609476E+01	2.456157E-01	3.315189E+00	1.086414E+00
2.534218E+00	3.764112E+01	1.637707E+01	2.812498E-01	3.340455E+00	1.087176E+00
2.555162E+00	3.874592E+01	1.638406E+01	3.206124E-01	3.363405E+00	1.085642E+00
2.576106E+00	3.943751E+01	1.648074E+01	3.292101E-01	3.367278E+00	1.088289E+00
2.597050E+00	4.099822E+01	1.665822E+01	3.451334E-01	3.411981E+00	1.105336E+00
2.617994E+00	4.277964E+01	1.678386E+01	3.534292E-01	3.424336E+00	1.097531E+00
2.638938E+00	4.330915E+01	1.686428E+01	4.011497E-01	3.456923E+00	1.104463E+00
2.659882E+00	4.459598E+01	1.704527E+01	4.061118E-01	3.480940E+00	1.110621E+00
