4.188790E-02	5.748599E-01	2.571022E+00	1.470139E-30	6.355344E-01	9.153588E-01
6.283185E-02	1.257824E+00	3.195914E+00	6.321937E-03	1.695546E+00	9.281755E-01
8.377580E-02	2.180433E+00	5.623336E+00	2.312149E-02	2.914007E+00	1.139030E+00
1.047198E-01	3.138712E+00	9.533325E+00	3.442511E-02	3.447472E+00	9.485800E-01
1.256637E-01	3.926219E+00	1.181734E+01	3.161647E-02	4.544445E+00	9.545930E-01
1.466077E-01	5.097372E+00	1.791600E+01	2.303927E-02	5.343740E+00	9.730721E-01
1.675516E-01	6.687676E+00	2.148876E+01	2.098668E-02	6.078231E+00	1.073828E+00
1.884956E-01	3.168744E+00	2.569677E+01	1.509377E-02	6.589282E+00	9.657992E-01
2.094395E-01	6.233608E+00	3.115319E+01	3.008800E-02	7.174963E+00	9.901936E-01
2.303835E-01	2.007118E+00	3.347532E+01	4.035741E-02	8.463819E+00	1.024126E+00
2.513274E-01	2.474074E+00	3.445456E+01	5.733089E-02	8.799596E+00	1.028406E+00
2.722714E-01	2.132461E+01	4.257214E+01	3.194483E-02	9.792633E+00	1.010198E+00
2.932153E-01	5.572710E+00	3.878620E+01	6.968837E-02	1.005380E+01	1.080940E+00
3.141593E-01	7.915599E+00	4.662685E+01	5.979368E-02	1.092005E+01	1.012854E+00
3.351032E-01	7.804502E+00	5.457614E+01	4.620010E-02	1.135870E+01	9.976097E-01
3.560472E-01	9.353864E+00	5.172554E+01	3.211957E-02	1.230618E+01	1.031604E+00
3.769911E-01	8.001643E+00	5.458615E+01	7.184346E-02	1.281146E+01	1.003392E+00
3.979351E-01	6.999094E+00	5.457058E+01	5.164281E-02	1.323841E+01	1.002062E+00
4.188790E-01	1.524374E+01	6.093679E+01	5.436543E-02	1.412587E+01	1.018743E+00
4.398230E-01	6.231718E+00	5.608869E+01	5.653185E-02	1.394001E+01	9.723750E-01
4.607669E-01	9.457473E+00	6.041647E+01	5.405296E-02	1.505009E+01	9.951454E-01
4.817109E-01	1.482198E+01	6.179860E+01	4.412688E-02	1.551172E+01	1.028673E+00
5.026548E-01	2.311236E+00	6.045640E+01	5.748625E-02	1.575188E+01	9.794387E-01
5.235988E-01	1.539788E+01	6.203200E+01	4.216210E-02	1.625527E+01	9.829106E-01
5.445427E-01	-3.088020E-01	6.243220E+01	3.976379E-02	1.642528E+01	1.002183E+00
5.654867E-01	1.187037E+01	6.229836E+01	3.074452E-02	1.704122E+01	1.007428E+00
5.864306E-01	1.219994E+01	6.296649E+01	7.875225E-02	1.721600E+01	9.940630E-01
6.073746E-01	1.228798E+01	6.341048E+01	7.105754E-02	1.721201E+01	1.003508E+00
6.283185E-01	1.128599E+01	6.433138E+01	7.229003E-02	1.820692E+01	9.998508E-01
6.492625E-01	4.437878E+00	6.526791E+01	8.679779E-02	1.818186E+01	1.005813E+00
6.702064E-01	8.546464E+00	6.703345E+01	5.139021E-02	1.866244E+01	1.021809E+00
6.911504E-01	1.498273E+01	6.790683E+01	5.549419E-02	1.853774E+01	1.009873E+00
7.120943E-01	9.161397E+00	6.434920E+01	4.662594E-02	1.944613E+01	1.021950E+00
7.330383E-01	8.079744E+00	6.610449E+01	3.813326E-02	1.997267E+01	1.006734E+00
7.539822E-01	1.116232E+01	6.357529E+01	5.419100E-02	1.958366E+01	9.866695E-01
7.749262E-01	1.088578E+01	6.677130E+01	3.335775E-02	1.999523E+01	9.960684E-01
7.958701E-01	5.919072E+00	6.530865E+01	6.713879E-02	2.043679E+01	9.979107E-01
8.168141E-01	1.145763E+01	6.700762E+01	4.994230E-02	2.044246E+01	9.982766E-01
8.377580E-01	1.194089E+01	6.477121E+01	9.570315E-02	2.083126E+01	9.929335E-01
8.587020E-01	1.471405E+01	6.615740E+01	4.405710E-02	2.065735E+01	1.006250E+00
8.796459E-01	1.048078E+01	6.322919E+01	7.000005E-02	2.137695E+01	1.014664E+00
9.005899E-01	8.450504E+00	6.539703E+01	6.541572E-02	2.153672E+01	9.922924E-01
9.215338E-01	1.741915E+01	6.415131E+01	3.789965E-02	2.166805E+01	9.999325E-01
9.424778E-01	8.397765E+00	6.626044E+01	7.307488E-02	2.176817E+01	9.989953E-01
9.634217E-01	1.126988E+01	6.336998E+01	4.980747E-02	2.171299E+01	1.018791E+00
9.843657E-01	1.313690E+01	6.409455E+01	7.632477E-02	2.207106E+01	9.871013E-01
1.005310E+00	1.353425E+01	6.543266E+01	4.244105E-02	2.269558E+01	1.000423E+00
1.026254E+00	1.542412E+01	6.284784E+01	4.349009E-02	2.224543E+01	9.973348E-01
1.047198E+00	1.463428E+01	6.379828E+01	5.598031E-02	2.251722E+01	9.953408E-01
1.068142E+00	1.113295E+01	6.216469E+01	6.975820E-02	2.279174E+01	1.016211E+00
1.089085E+00	1.366180E+01	6.140844E+01	5.182849E-02	2.292310E+01	9.957832E-01
1.110029E+00	1.313031E+01	6.180419E+01	4.654062E-02	2.293804E+01	9.935218E-01
1.130973E+00	1.575633E+01	6.294915E+01	4.479062E-02	2.361204E+01	1.022385E+00
1.151917E+00	1.866512E+01	6.037123E+01	4.598047E-02	2.318730E+01	9.864302E-01
1.172861E+00	1.248395E+01	6.085871E+01	5.770735E-02	2.390802E+01	1.017464E+00
1.193805E+00	1.284814E+01	6.004361E+01	5.366597E-02	2.356839E+01	1.005643E+00
1.214749E+00	1.897002E+01	5.892821E+01	5.466329E-02	2.392745E+01	9.989637E-01
1.235693E+00	1.486051E+01	5.987815E+01	5.365695E-02	2.417138E+01	1.004513E+00
1.256637E+00	1.305669E+01	5.892811E+01	6.816811E-02	2.390531E+01	1.000129E+00
1.277581E+00	1.384692E+01	5.895413E+01	4.553123E-02	2.389511E+01	1.002553E+00
1.298525E+00	1.376302E+01	5.820041E+01	7.571416E-02	2.432223E+01	1.005987E+00
1.319469E+00	1.848492E+01	5.951691E+01	5.363812E-02	2.443856E+01	1.016536E+00
1.340413E+00	1.308102E+01	5.746904E+01	5.155357E-02	2.443803E+01	1.006156E+00
1.361357E+00	1.818245E+01	5.794332E+01	5.437404E-02	2.474234E+01	1.004441E+00
1.382301E+00	1.782358E+01	5.792540E+01	5.817174E-02	2.468198E+01	1.015250E+00
1.403245E+00	1.506661E+01	5.683224E+01	6.748963E-02	2.495152E+01	9.997013E-01
1.424189E+00	1.599422E+01	5.615344E+01	3.999010E-02	2.506456E+01	1.005351E+00
1.445133E+00	1.636136E+01	5.589870E+01	6.731836E-02	2.500858E+01	1.008701E+00
1.466077E+00	1.707510E+01	5.441789E+01	7.927567E-02	2.527210E+01	1.012820E+00
1.487021E+00	1.830375E+01	5.474553E+01	6.153159E-02	2.549449E+01	1.015544E+00
1.507964E+00	1.589633E+01	5.443996E+01	6.427884E-02	2.556592E+01	1.017094E+00
1.528908E+00	2.275381E+01	5.473645E+01	3.696675E-02	2.545430E+01	9.998453E-01
1.549852E+00	1.867521E+01	5.401222E+01	5.750505E-02	2.592431E+01	1.011022E+00
1.570796E+00	2.134138E+01	5.466911E+01	5.262677E-02	2.571961E+01	1.009296E+00
1.591740E+00	1.747703E+01	5.321990E+01	5.458092E-02	2.604418E+01	1.022920E+00
1.612684E+00	1.767011E+01	5.289333E+01	6.420905E-02	2.608530E+01	1.022779E+00
1.633628E+00	2.339288E+01	5.305966E+01	7.093453E-02	2.623048E+01	1.018535E+00
1.654572E+00	1.971378E+01	5.239450E+01	5.312434E-02	2.643422E+01	1.019372E+00
1.675516E+00	2.356638E+01	5.095156E+01	4.974584E-02	2.646380E+01	1.013564E+00
1.696460E+00	2.456894E+01	5.157115E+01	5.466488E-02	2.667694E+01	1.036355E+00
1.717404E+00	2.296582E+01	5.060112E+01	5.041091E-02	2.671662E+01	1.026822E+00
1.738348E+00	2.262037E+01	5.020088E+01	4.727327E-02	2.700029E+01	1.037412E+00
1.759292E+00	2.452967E+01	4.960863E+01	4.760203E-02	2.712280E+01	1.023277E+00
1.780236E+00	2.448725E+01	4.905971E+01	5.261585E-02	2.738500E+01	1.023407E+00
1.801180E+00	2.421504E+01	4.896995E+01	4.700223E-02	2.751451E+01	1.033380E+00
1.822124E+00	2.733421E+01	4.890161E+01	4.839324E-02	2.754492E+01	1.035012E+00
1.843068E+00	2.840897E+01	4.899299E+01	5.764593E-02	2.783481E+01	1.032530E+00
1.864012E+00	3.123195E+01	4.851169E+01	5.231812E-02	2.789666E+01	1.036904E+00
1.884956E+00	2.970403E+01	4.795491E+01	5.215700E-02	2.820168E+01	1.042424E+00
1.905900E+00	3.008515E+01	4.807696E+01	4.348063E-02	2.814383E+01	1.037036E+00
1.926843E+00	2.827605E+01	4.710635E+01	4.372927E-02	2.847281E+01	1.049887E+00
1.947787E+00	3.237965E+01	4.642247E+01	5.000961E-02	2.872580E+01	1.053466E+00
1.968731E+00	3.057799E+01	4.673340E+01	5.051827E-02	2.884622E+01	1.049348E+00
1.989675E+00	3.357506E+01	4.631241E+01	6.890788E-02	2.920963E+01	1.043463E+00
2.010619E+00	3.524479E+01	4.653946E+01	5.690087E-02	2.921185E+01	1.050517E+00
2.031563E+00	3.810872E+01	4.610605E+01	5.947929E-02	2.933117E+01	1.059052E+00
2.052507E+00	3.788863E+01	4.556670E+01	7.658457E-02	2.962883E+01	1.057789E+00
2.073451E+00	3.643729E+01	4.524113E+01	4.640814E-02	2.973546E+01	1.053276E+00
2.094395E+00	3.964666E+01	4.483884E+01	7.092726E-02	3.013200E+01	1.059835E+00
2.115339E+00	3.905465E+01	4.488807E+01	5.380104E-02	2.985457E+01	1.064608E+00
2.136283E+00	4.046866E+01	4.449379E+01	6.384676E-02	3.032763E+01	1.063685E+00
2.157227E+00	4.194898E+01	4.435061E+01	5.928824E-02	3.021754E+01	1.066473E+00
2.178171E+00	4.488101E+01	4.442989E+01	7.151038E-02	3.063364E+01	1.074568E+00
2.199115E+00	4.621727E+01	4.415836E+01	8.137935E-02	3.070728E+01	1.077144E+00
2.220059E+00	4.839624E+01	4.405761E+01	5.686291E-02	3.108869E+01	1.076261E+00
2.241003E+00	5.040909E+01	4.405546E+01	3.850215E-02	3.131768E+01	1.077103E+00
2.261947E+00	5.018578E+01	4.393820E+01	6.776387E-02	3.136408E+01	1.078430E+00
2.282891E+00	5.268174E+01	4.445304E+01	8.156905E-02	3.175228E+01	1.080091E+00
2.303835E+00	5.352338E+01	4.388952E+01	7.598683E-02	3.200641E+01	1.080936E+00
2.324779E+00	5.530645E+01	4.421506E+01	6.755061E-02	3.216298E+01	1.081673E+00
2.345723E+00	5.703253E+01	4.433732E+01	7.494779E-02	3.234801E+01	1.098149E+00
2.366666E+00	5.970903E+01	4.482834E+01	6.659518E-02	3.240358E+01	1.099627E+00
2.387610E+00	5.887274E+01	4.567329E+01	7.255699E-02	3.297954E+01	1.094816E+00
2.408554E+00	6.211569E+01	4.676856E+01	6.962319E-02	3.310309E+01	1.100792E+00
2.429498E+00	1.020046E+02	5.308670E+01	2.083899E-01	3.364790E+01	1.111714E+00
2.450442E+00	1.000629E+02	5.402754E+01	1.672738E-01	3.375348E+01	1.116578E+00
2.471386E+00	1.048411E+02	5.444944E+01	1.959455E-01	3.399262E+01	1.123486E+00
2.492330E+00	1.062281E+02	5.444692E+01	1.714528E-01	3.440004E+01	1.123298E+00
2.513274E+00	1.080033E+02	5.554454E+01	1.904130E-01	3.452684E+01	1.117676E+00
2.534218E+00	1.127259E+02	5.576841E+01	2.205958E-01	3.484511E+01	1.117388E+00
2.555162E+00	1.135708E+02	5.597739E+01	2.005013E-01	3.517224E+01	1.130964E+00
2.576106E+00	1.179775E+02	5.576117E+01	2.217811E-01	3.532561E+01	1.127490E+00
2.597050E+00	1.198945E+02	5.615250E+01	2.656975E-01	3.577502E+01	1.132211E+00
2.617994E+00	1.238779E+02	5.631613E+01	2.479386E-01	3.593369E+01	1.142547E+00
2.638938E+00	1.280477E+02	5.703357E+01	2.944592E-01	3.642617E+01	1.146478E+00
2.659882E+00	1.313015E+02	5.722972E+01	2.469459E-01	3.670744E+01	1.153595E+00
